-10 -10 0 0
-9 -10 0 0
-8 -10 0 0
-7 -10 0 0
-6 -10 0 0
-5 -10 0 0
-4 -10 0 0
-3 -10 0 0
-2 -10 0 0
-1 -10 0 0
0 -10 0 0
1 -10 0 0
2 -10 0 0
3 -10 0 0
4 -10 0 0
5 -10 0 3
6 -10 0 18
7 -10 0 26
8 -10 0 35
9 -10 0 36
-10 -9 0 53
-9 -9 0 58
-8 -9 0 76
-7 -9 0 126
-6 -9 0 197
-5 -9 0 210
-4 -9 0 274
-3 -9 0 402
-2 -9 0 639
-1 -9 0 833
0 -9 0 1003
1 -9 0 1328
2 -9 0 1878
3 -9 0 2414
4 -9 0 2969
5 -9 0 3778
6 -9 0 4866
7 -9 0 5913
8 -9 0 7260
9 -9 0 8504
-10 -8 0 9051
-9 -8 0 8337
-8 -8 0 7047
-7 -8 0 6027
-6 -8 0 5205
-5 -8 0 4120
-4 -8 0 3476
-3 -8 0 2934
-2 -8 0 2325
-1 -8 0 1890
0 -8 0 1542
1 -8 0 1285
2 -8 0 1060
3 -8 0 820
4 -8 0 562
5 -8 0 366
6 -8 0 234
7 -8 0 180
8 -8 0 172
9 -8 0 144
-10 -7 0 96
-9 -7 0 77
-8 -7 0 51
-7 -7 0 37
-6 -7 0 21
-5 -7 0 10
-4 -7 0 8
-3 -7 0 15
-2 -7 0 5
-1 -7 0 2
0 -7 0 2
1 -7 0 0
2 -7 0 0
3 -7 0 0
4 -7 0 0
5 -7 0 0
6 -7 0 0
7 -7 0 0
8 -7 0 0
9 -7 0 0
-10 -6 0 0
-9 -6 0 0
-8 -6 0 0
-7 -6 0 0
-6 -6 0 0
-5 -6 0 0
-4 -6 0 0
-3 -6 0 0
-2 -6 0 0
-1 -6 0 0
0 -6 0 0
1 -6 0 0
2 -6 0 0
3 -6 0 0
4 -6 0 0
5 -6 0 0
6 -6 0 0
7 -6 0 0
8 -6 0 0
9 -6 0 0
-10 -5 0 0
-9 -5 0 0
-8 -5 0 0
-7 -5 0 0
-6 -5 0 0
-5 -5 0 0
-4 -5 0 0
-3 -5 0 0
-2 -5 0 0
-1 -5 0 0
0 -5 0 0
1 -5 0 0
2 -5 0 0
3 -5 0 0
4 -5 0 0
5 -5 0 0
6 -5 0 0
7 -5 0 0
8 -5 0 0
9 -5 0 0
-10 -4 0 0
-9 -4 0 0
-8 -4 0 0
-7 -4 0 0
-6 -4 0 0
-5 -4 0 0
-4 -4 0 0
-3 -4 0 0
-2 -4 0 0
-1 -4 0 0
0 -4 0 0
1 -4 0 0
2 -4 0 0
3 -4 0 0
4 -4 0 0
5 -4 0 0
6 -4 0 0
7 -4 0 0
8 -4 0 0
9 -4 0 0
-10 -3 0 0
-9 -3 0 0
-8 -3 0 0
-7 -3 0 0
-6 -3 0 0
-5 -3 0 0
-4 -3 0 0
-3 -3 0 0
-2 -3 0 0
-1 -3 0 0
0 -3 0 0
1 -3 0 0
2 -3 0 0
3 -3 0 0
4 -3 0 0
5 -3 0 0
6 -3 0 0
7 -3 0 0
8 -3 0 0
9 -3 0 0
-10 -2 0 0
-9 -2 0 0
-8 -2 0 0
-7 -2 0 0
-6 -2 0 0
-5 -2 0 0
-4 -2 0 0
-3 -2 0 0
-2 -2 0 0
-1 -2 0 0
0 -2 0 0
1 -2 0 0
2 -2 0 0
3 -2 0 0
4 -2 0 0
5 -2 0 0
6 -2 0 0
7 -2 0 0
8 -2 0 0
9 -2 0 0
-10 -1 0 0
-9 -1 0 0
-8 -1 0 0
-7 -1 0 0
-6 -1 0 0
-5 -1 0 0
-4 -1 0 0
-3 -1 0 0
-2 -1 0 0
-1 -1 0 0
0 -1 0 0
1 -1 0 0
2 -1 0 0
3 -1 0 0
4 -1 0 0
5 -1 0 0
6 -1 0 0
7 -1 0 0
8 -1 0 0
9 -1 0 0
-10 0 0 0
-9 0 0 0
-8 0 0 0
-7 0 0 0
-6 0 0 0
-5 0 0 0
-4 0 0 0
-3 0 0 0
-2 0 0 0
-1 0 0 0
0 0 0 0
1 0 0 0
2 0 0 0
3 0 0 0
4 0 0 0
5 0 0 0
6 0 0 0
7 0 0 0
8 0 0 0
9 0 0 0
-10 1 0 0
-9 1 0 0
-8 1 0 0
-7 1 0 0
-6 1 0 0
-5 1 0 0
-4 1 0 0
-3 1 0 0
-2 1 0 0
-1 1 0 0
0 1 0 0
1 1 0 0
2 1 0 0
3 1 0 0
4 1 0 0
5 1 0 0
6 1 0 0
7 1 0 0
8 1 0 0
9 1 0 0
-10 2 0 0
-9 2 0 0
-8 2 0 0
-7 2 0 0
-6 2 0 0
-5 2 0 0
-4 2 0 0
-3 2 0 0
-2 2 0 0
-1 2 0 0
0 2 0 0
1 2 0 0
2 2 0 0
3 2 0 0
4 2 0 0
5 2 0 0
6 2 0 0
7 2 0 0
8 2 0 0
9 2 0 0
-10 3 0 0
-9 3 0 0
-8 3 0 0
-7 3 0 0
-6 3 0 0
-5 3 0 0
-4 3 0 0
-3 3 0 0
-2 3 0 0
-1 3 0 0
0 3 0 0
1 3 0 0
2 3 0 0
3 3 0 0
4 3 0 0
5 3 0 0
6 3 0 0
7 3 0 0
8 3 0 0
9 3 0 0
-10 4 0 0
-9 4 0 0
-8 4 0 0
-7 4 0 0
-6 4 0 0
-5 4 0 0
-4 4 0 0
-3 4 0 0
-2 4 0 0
-1 4 0 0
0 4 0 0
1 4 0 0
2 4 0 0
3 4 0 0
4 4 0 0
5 4 0 0
6 4 0 0
7 4 0 0
8 4 0 0
9 4 0 0
-10 5 0 0
-9 5 0 0
-8 5 0 0
-7 5 0 0
-6 5 0 0
-5 5 0 0
-4 5 0 0
-3 5 0 0
-2 5 0 0
-1 5 0 0
0 5 0 0
1 5 0 0
2 5 0 0
3 5 0 0
4 5 0 0
5 5 0 0
6 5 0 0
7 5 0 0
8 5 0 0
9 5 0 0
-10 6 0 0
-9 6 0 0
-8 6 0 0
-7 6 0 0
-6 6 0 0
-5 6 0 0
-4 6 0 0
-3 6 0 0
-2 6 0 0
-1 6 0 0
0 6 0 0
1 6 0 0
2 6 0 0
3 6 0 0
4 6 0 0
5 6 0 0
6 6 0 0
7 6 0 0
8 6 0 0
9 6 0 0
-10 7 0 0
-9 7 0 0
-8 7 0 0
-7 7 0 0
-6 7 0 0
-5 7 0 0
-4 7 0 0
-3 7 0 0
-2 7 0 0
-1 7 0 0
0 7 0 0
1 7 0 0
2 7 0 0
3 7 0 0
4 7 0 0
5 7 0 0
6 7 0 0
7 7 0 0
8 7 0 0
9 7 0 0
-10 8 0 0
-9 8 0 0
-8 8 0 0
-7 8 0 0
-6 8 0 0
-5 8 0 0
-4 8 0 0
-3 8 0 0
-2 8 0 0
-1 8 0 0
0 8 0 0
1 8 0 0
2 8 0 0
3 8 0 0
4 8 0 0
5 8 0 0
6 8 0 0
7 8 0 0
8 8 0 0
9 8 0 0
-10 9 0 0
-9 9 0 0
-8 9 0 0
-7 9 0 0
-6 9 0 0
-5 9 0 0
-4 9 0 0
-3 9 0 0
-2 9 0 0
-1 9 0 0
0 9 0 0
1 9 0 0
2 9 0 0
3 9 0 0
4 9 0 0
5 9 0 0
6 9 0 0
7 9 0 0
8 9 0 0
9 9 0 0
