120	120
81.14986109	29.89382155	317.5527062	1.084799249	1	1	0
31.01546859	60.03921096	292.6647072	1.290750942	-1	1	0
38.60418686	10.87524331	165.7620974	1.207594572	1	1	0
75.66297643	105.0819495	93.11412286	1.392447079	1	1	0
116.8711862	111.3843126	330.266198	1.321327214	-1	1	0
58.97618867	103.7867034	319.3057916	1.211949786	1	1	0
18.14350731	0.3490977385	199.3433231	0.0870386861	-1	1	0
87.07432595	7.861521741	333.3675636	1.17790348	1	1	0
81.98696564	14.93470289	318.3548622	1.085273638	1	1	0
41.77179241	101.5756376	53.93944027	0.3647562167	-1	1	0
2.915825967	83.70199163	311.4981968	0.8219691123	1	1	0
59.66150479	20.75197505	165.129235	0.2544557058	-1	1	0
82.0598836	84.17036678	268.8462778	0.8327026301	-1	1	0
68.50479123	89.73048401	31.9264861	0.4683202787	-1	1	0
63.69668175	28.3851606	74.16623518	1.088954029	1	1	0
50.20741726	102.7358772	302.844229	1.120051296	1	1	0
62.32503197	111.8166553	47.77447715	0.4604465687	-1	1	0
37.2277222	108.759042	59.22644609	1.481814515	1	1	0
27.49517979	46.2338863	52.96108865	0.6453493701	-1	1	0
28.83594593	107.3999217	71.27819876	0.3653449191	-1	1	0
72.82503703	29.53754636	165.4381292	0.3347702029	-1	1	0
87.55810623	70.4672257	191.5017493	1.488648778	1	1	0
111.2963832	13.26622049	192.5022802	1.119228673	-1	1	0
25.18514427	99.42027782	56.86253919	0.365342058	-1	1	0
85.95280209	22.64717373	331.626952	1.177906953	1	1	0
69.76589339	7.164802959	83.85446725	1.019665297	1	1	0
80.88725525	98.41352185	32.12574687	0.7395108838	-1	1	0
17.02290891	15.36525179	166.685773	0.8309809185	1	1	0
8.276516417	14.13878265	333.557703	1.296316767	-1	1	0
114.732718	55.13605117	18.11435696	0.4540793434	-1	1	0
14.4040956	64.62732155	22.63243813	0.1783325173	-1	1	0
25.39332071	84.84213933	296.428377	0.8252496413	1	1	0
55.95153882	13.10976502	194.0946763	1.384853633	1	1	0
50.67816562	19.65870139	183.2694233	0.3633762647	-1	1	0
106.274834	88.49336469	30.70395556	1.098264345	-1	1	0
114.7426502	21.03590727	70.00545911	0.2088973064	1	1	0
64.0008915	96.928873	329.7627363	1.305087779	1	1	0
6.192561151	111.7324223	169.2327296	0.7399698794	1	1	0
13.50014027	7.410033985	161.8054258	0.8309908352	1	1	0
79.05632077	112.6677646	163.9569122	1.394196296	-1	1	0
107.7369677	5.822725499	173.4524563	0.4722368729	1	1	0
10.90494185	81.48054969	357.519452	0.1741106892	-1	1	0
23.11535599	113.6867614	175.5447046	0.9243480053	1	1	0
89.73602929	29.9763208	273.4924073	0.3397454896	-1	1	0
69.0037213	21.87634577	164.9909325	0.2513039363	-1	1	0
18.81682379	79.13457217	310.4986491	0.9184121513	1	1	0
18.99990308	48.42044774	37.98096383	0.460187139	-1	1	0
39.54483822	57.87258242	304.7574466	1.203627722	-1	1	0
104.2618034	118.2102696	88.36087617	1.224454727	-1	1	0
112.8191521	94.54287453	50.54163779	1.194838534	-1	1	0
29.72428786	92.47310751	311.1606923	0.9257950087	1	1	0
65.05281659	14.43462892	76.57986101	0.8312677331	1	1	0
30.33389084	9.450419207	197.1855875	0.5539337715	-1	1	0
119.6620321	13.76607968	57.15051085	0.02132690774	1	1	0
2.561902707	52.30579467	61.50855516	1.192222858	1	1	0
57.77615473	118.8570456	316.4781717	1.390641708	1	1	0
83.36738077	52.85901577	168.4493695	0.5221303327	-1	1	0
75.51566702	37.40152593	318.9671779	1.081114477	1	1	0
42.1057064	19.06450331	162.0957577	1.186771284	1	1	0
73.6280624	14.68925087	162.6943653	0.25098345	-1	1	0
19.76432646	23.42218971	212.9530369	0.929235195	-1	1	0
72.22937425	97.55185217	18.13333237	0.6519341624	-1	1	0
12.70233813	73.17292616	5.270432037	0.1790719057	-1	1	0
60.14622216	89.23123588	314.1606716	1.120141499	1	1	0
77.69330374	22.26691541	154.6453688	0.3433359959	-1	1	0
53.945935	110.3887405	56.30612202	0.3673695147	-1	1	0
47.30198031	11.98199929	178.2513133	1.292215115	1	1	0
90.31179152	15.61637045	31.73189755	0.4338811291	-1	1	0
0.7908675543	92.15212343	296.4634271	0.6360855115	1	1	0
99.99258642	51.80617797	135.2543475	0.6528034692	-1	1	0
106.3980264	57.54474121	179.8681986	1.29214317	1	1	0
67.26563828	36.09969402	175.990638	0.2451467461	-1	1	0
44.86927056	64.27985785	178.1165046	0.5482017433	1	1	0
38.08785881	93.23208097	293.5101672	1.014264937	-1	1	0
112.5123986	118.4771224	154.8401456	0.4795360176	1	1	0
6.46589519	67.25677937	62.15237041	1.096054968	1	1	0
22.53802716	62.15855061	279.0450187	1.383839124	-1	1	0
3.064987476	21.33486237	315.0414439	1.042618093	-1	1	0
84.55599191	105.9475427	334.8542267	0.08680656359	1	1	0
70.49084612	44.26120326	163.2102496	0.4278994469	-1	1	0
101.9124462	74.05155608	29.39483787	0.650883798	-1	1	0
17.38154232	87.36627942	7.512246454	0.0802173666	-1	1	0
25.39433952	16.60817337	198.5226261	0.5548263299	-1	1	0
6.942491101	29.18089	297.9586043	1.148876221	-1	1	0
66.34488801	119.5319904	32.82147738	0.5527610194	-1	1	0
108.3688983	79.90385296	15.28616741	0.8180897684	-1	1	0
87.46239275	45.60984175	192.1124197	1.267179614	1	1	0
67.28840304	104.6516984	32.94111794	0.5544529112	-1	1	0
54.97155073	95.81636516	283.1566591	0.3754796037	-1	1	0
70.66806107	112.2271674	78.82347476	1.206286562	1	1	0
114.8556013	86.06934085	33.36252252	1.194367359	-1	1	0
45.51905395	26.77262354	198.1252407	0.3461755272	-1	1	0
58.61516023	35.14420117	159.9771895	0.3464501998	-1	1	0
61.3830963	6.70681622	43.36246009	0.5516221258	-1	1	0
97.96250923	59.80276617	193.220377	1.400020595	1	1	0
40.39239394	116.4335657	57.27514607	0.6440871392	-1	1	0
4.786470413	6.489020592	175.6194491	0.8573558946	1	1	0
46.54616303	94.7746123	318.3340978	1.202865589	1	1	0
52.5738047	5.445337469	59.13738468	0.5496997621	-1	1	0
93.55834197	76.3490181	17.44517581	0.7440709629	-1	1	0
93.64880974	106.3469701	312.9531195	0.08542912883	1	1	0
26.50108852	1.863400435	161.5028621	1.110468744	1	1	0
90.08593131	62.26402679	252.6501511	0.6539845429	-1	1	0
62.29881907	42.69385444	197.9864654	1.083273924	1	1	0
10.56151239	50.08883621	28.52073987	0.4475072869	-1	1	0
48.85156544	117.6903163	300.3868932	1.482314371	1	1	0
35.31528849	2.874661819	177.3052173	1.295973055	1	1	0
11.3826052	22.05089076	182.9207502	0.6447366275	1	1	0
26.71116459	76.46785262	132.8000718	0.2590455196	-1	1	0
104.8280983	96.96403229	46.11599888	0.3369123922	1	1	0
9.520121157	119.6710677	193.7826302	0.1124082783	-1	1	0
21.80073814	8.70109203	206.6426703	0.4585650476	-1	1	0
28.63174551	68.00278789	299.9969496	0.7274200127	1	1	0
85.75131735	91.68799095	198.8703638	1.484286104	1	1	0
20.60787367	70.62360403	298.8298087	0.8208706684	1	1	0
95.93520687	68.29273943	178.1966111	1.395781935	1	1	0
28.5173725	24.33876501	279.9591845	1.186878857	1	1	0
1.161734535	118.5839956	165.3565072	0.6711575304	1	1	0
16.36494605	56.39591922	295.4233116	1.389688427	1	1	0
31.3560581	32.25016505	200.2005207	0.4427779745	-1	1	0
43.83256133	4.425013321	72.34430381	0.5511014047	-1	1	0
102.0249834	104.9012296	52.17937874	1.174852125	-1	1	0
6.612520723	98.27555206	285.6779911	1.474552971	-1	1	0
78.50965875	7.409166637	152.2064444	0.3386372171	-1	1	0
110.6306066	102.9975198	68.05029931	1.174877736	-1	1	0
94.65084182	23.04140305	317.584417	1.084780138	1	1	0
83.83090257	37.78187723	166.1859668	0.429148398	-1	1	0
118.1531397	69.61203364	24.66418028	0.2583505647	-1	1	0
8.823747167	89.80998985	9.950560168	0.07746245695	-1	1	0
39.90799122	33.15797572	42.26979695	1.093894273	1	1	0
118.5912475	100.6456184	280.5313675	0.5440696082	1	1	0
91.69864062	53.65379892	179.4499059	1.304278957	1	1	0
77.06639775	90.92959589	213.2896565	1.485155762	1	1	0
79.10426937	45.05332358	154.8772706	0.5219054464	-1	1	0
4.533272962	75.52669149	11.14291919	0.1739199502	-1	1	0
95.56145258	8.327756132	9.784193068	0.5270310286	-1	1	0
45.49303266	109.508956	67.81356106	0.4584953956	-1	1	0
0.3537684172	61.3508328	60.8998896	1.106096309	1	1	0
33.45222085	100.4153789	297.9109337	1.107594682	1	1	0
14.64212266	112.3844757	179.8620419	0.1826010257	-1	1	0
33.5370523	52.1138185	163.8124299	0.3662887521	1	1	0
33.7669249	85.224116	307.1285463	1.484158335	-1	1	0
31.66383756	115.3166125	72.3118249	0.4578771202	-1	1	0
25.0396008	54.2430155	178.0356033	0.273215144	1	1	0
116.5208739	77.77847435	297.3575121	1.004318795	1	1	0
8.177877862	58.48756008	15.69670774	0.3644984271	-1	1	0
36.83204017	66.56644864	280.0649544	1.390676838	-1	1	0
54.68106309	27.60764887	166.4414402	0.3463720875	-1	1	0
89.61335583	99.07785219	47.35418995	0.7392437517	-1	1	0
116.3363792	5.930666102	209.9034	1.305673412	-1	1	0
106.3973943	20.5341589	177.4899201	1.13991804	-1	1	0
33.85649482	17.46771897	204.7774125	0.5338798152	-1	1	0
103.9208922	65.57119028	15.27955905	0.6398370545	-1	1	0
100.297784	82.17263793	293.3058993	1.488756369	1	1	0
109.823803	71.54154692	313.9195864	0.1651925703	1	1	0
102.7119562	13.10576028	187.6246105	0.4681436517	1	1	0
112.3134416	63.43557968	29.13568737	0.3610595985	-1	1	0
36.83674271	25.50098136	215.1436196	0.3486739664	-1	1	0
108.1850026	110.8870898	167.2667502	0.523055686	1	1	0
74.72479509	119.9802388	94.50668664	1.113381291	1	1	0
