120	120
25.65979333	19.32811078	74.29977846	0.9620998958	1	1	0
9.4403882	23.88473094	86.71006271	0.4023018887	1	1	0
73.56971582	32.49649135	39.15010332	0.803080655	1	1	0
11.17620624	52.25934976	359.2495102	1.214743847	-1	1	0
3.440505242	17.75541269	234.5922414	0.299232212	-1	1	0
92.51801942	50.07050699	151.8179565	1.427239324	-1	1	0
39.81716985	41.76149203	31.05481235	0.4762285694	1	1	0
37.06180902	78.53394572	261.8384035	0.2855195595	1	1	0
90.03856119	117.2034819	76.70795733	1.481658128	1	1	0
32.4747513	14.43579532	236.2975488	1.334024269	-1	1	0
19.79337053	53.76931127	12.45757507	1.035448259	-1	1	0
31.50403189	62.76825228	36.39054727	0.3939619651	1	1	0
107.325971	23.07978773	127.8491543	0.2845307503	-1	1	0
112.6786731	87.18116355	134.4022286	0.6393028097	-1	1	0
88.45381848	94.49730019	76.09077984	1.363449071	1	1	0
82.10464744	88.26057272	59.922102	1.27036279	1	1	0
13.27315073	7.14444459	114.6031739	0.3922447723	-1	1	0
96.56783419	91.65477207	358.5367989	0.6171982649	-1	1	0
42.66357745	49.84648509	241.6138234	1.41268208	-1	1	0
116.7323432	12.11576995	248.0570951	0.5759934524	-1	1	0
0.8222643281	115.7495744	107.4178688	0.01190352872	-1	1	0
48.67877398	10.1067356	125.2946033	0.5268410433	-1	1	0
74.07250902	90.88238268	131.9187741	0.4328456007	-1	1	0
38.3787853	33.51056456	151.4982986	1.220800439	-1	1	0
13.60296834	38.264333	231.2385815	1.14667705	-1	1	0
61.18224878	109.7394944	61.21170107	1.117533029	1	1	0
106.0617554	112.8102919	299.3979302	1.383005388	1	1	0
63.68095821	70.67248585	277.0645479	0.09522933057	-1	1	0
102.6845802	39.28717688	210.2007422	0.7619870849	1	1	0
49.29446461	97.96093862	280.9141397	0.9359894851	1	1	0
28.1238053	54.65695216	19.59416768	0.3852123771	1	1	0
102.9100802	97.74249976	11.84630235	0.733013838	-1	1	0
75.71667532	24.0847226	50.27974422	0.9892650069	1	1	0
53.04306596	112.1899879	138.2373887	0.3713356738	-1	1	0
11.37694423	15.33309011	76.02604884	0.6774232281	1	1	0
63.29864664	12.06094476	54.48540248	1.175265786	1	1	0
59.17008199	53.99517245	24.57942304	1.288949053	-1	1	0
38.83738889	20.43039847	251.0691351	1.148046845	-1	1	0
94.85989771	100.0834935	78.54080713	1.386085065	1	1	0
69.69672503	107.4226128	73.66200278	1.028868514	1	1	0
100.5029392	47.75342364	197.6158731	0.6819356135	1	1	0
72.12879019	99.44036643	117.7206181	0.4374678223	-1	1	0
17.43377116	20.98631054	245.0310112	0.6826683646	-1	1	0
71.88603315	40.86139411	139.4131726	0.06651696732	-1	1	0
43.82046745	27.11076995	346.2808894	0.3859297276	1	1	0
86.58108816	102.687193	111.0045022	0.3577576186	-1	1	0
117.054196	43.20664639	99.10893553	0.5726559428	1	1	0
81.66078853	119.1513208	63.37966348	1.297839047	1	1	0
55.23143932	15.2011542	67.71365238	1.364932491	1	1	0
20.4333166	75.75580832	121.6284277	1.123549937	-1	1	0
104.7033387	31.28788888	120.1664177	0.1044666715	-1	1	0
50.94265837	51.8600378	23.8948567	0.6369831488	1	1	0
31.90557738	85.4167184	120.8386376	0.6657155661	-1	1	0
63.05480726	62.09663127	236.818649	0.56084981	1	1	0
31.37367214	40.7951535	358.585429	1.036905127	-1	1	0
40.07920796	64.49001487	23.42422874	0.3943519244	1	1	0
55.21746623	103.8677051	147.8553003	0.2850484033	-1	1	0
13.99358812	60.10633633	21.63307781	0.4705123265	1	1	0
112.4607031	118.4126632	119.9719588	0.01151237737	-1	1	0
81.62360762	30.05708536	268.1515699	0.05859888732	-1	1	0
63.04541713	39.18961884	21.28382893	1.386601867	-1	1	0
57.77577328	95.8149271	296.601419	1.029807195	1	1	0
100.4858192	106.5212798	132.4465929	0.08238314403	-1	1	0
19.63863663	12.77697543	89.80297477	0.9511109838	1	1	0
100.6054855	17.87894961	67.24267598	1.116909126	1	1	0
79.69184368	7.317309541	60.24642437	1.204749501	1	1	0
97.94978038	115.0390893	15.77215371	1.197603617	-1	1	0
28.91648385	77.24093702	135.6380266	0.9374100318	-1	1	0
23.51137399	83.53959279	251.42943	0.8525549245	1	1	0
71.78191123	68.20773223	279.0795583	1.117447667	1	1	0
0.9379286483	66.06412358	256.422056	0.3778145247	1	1	0
15.34928943	29.64209174	241.4050032	1.057035547	-1	1	0
1.253824745	26.8269817	6.845667724	0.9641276809	-1	1	0
25.98503949	69.52942174	22.72379549	0.2855401954	1	1	0
118.7057994	3.775112657	82.58459204	0.7499719174	1	1	0
51.78837957	90.00435567	272.2500873	0.1921241403	-1	1	0
53.58606073	60.25359425	8.726053754	0.6367845566	1	1	0
77.74799479	15.57149333	63.62616172	1.175254244	1	1	0
23.24407525	61.69408508	359.6867491	1.035331451	-1	1	0
5.647942198	40.96126729	111.5324499	0.4941775141	1	1	0
49.20495308	43.66512211	262.3664289	1.477357721	-1	1	0
80.29892681	96.66872685	124.0879642	0.4375347131	-1	1	0
70.10093046	76.54439415	281.4568326	1.1176013	1	1	0
115.5423109	20.53204938	65.80744405	1.319328865	1	1	0
104.6270067	89.57541558	312.4152552	1.384323421	1	1	0
68.14812315	85.07073996	295.8717956	1.118931311	1	1	0
88.2127148	35.83426895	252.3575239	0.03524119451	-1	1	0
25.15771627	46.80963951	357.4038844	0.9436423763	-1	1	0
94.75630687	41.6629991	237.300183	0.03482545993	-1	1	0
60.21150514	87.8236573	256.8448742	0.2852204248	-1	1	0
9.164567692	67.13438738	358.5286822	1.213862436	-1	1	0
65.8539859	47.02647839	1.220189319	0.4553768389	1	1	0
106.9491638	81.14137149	298.4051007	1.291155698	1	1	0
92.41825781	108.7304295	320.9276568	0.4517152677	1	1	0
46.88151529	18.28637605	317.0754846	0.2167882089	1	1	0
12.00095277	74.96957771	20.10673373	0.4710751354	1	1	0
67.31377474	115.8002311	61.92709249	1.117486627	1	1	0
5.685648368	59.13498398	12.65689283	1.121951215	-1	1	0
110.9676734	37.39693849	107.1511205	0.01129930794	-1	1	0
34.25916161	48.57709935	19.60295721	0.4783282231	1	1	0
104.1608848	1.197009926	29.06085922	1.401389622	-1	1	0
71.46225606	9.79466412	141.2853072	0.4317727126	-1	1	0
57.3274679	45.85760298	9.270803048	0.5475736	1	1	0
84.20780317	111.246637	131.6098739	0.4572752852	-1	1	0
15.48793472	118.7311157	112.146747	0.3778841127	1	1	0
86.07414471	13.32819485	71.3600381	1.205247402	1	1	0
54.84061479	37.52050656	22.49270311	0.6409582912	1	1	0
113.2689686	29.29173513	339.8494681	0.004061069408	1	1	0
17.41629338	68.02829885	34.63140029	0.4706661825	1	1	0
4.930085539	9.565694717	87.81596251	0.5760055864	1	1	0
89.58673167	27.54401478	177.1175012	0.834587547	1	1	0
117.4224505	80.00884446	134.3982927	0.1917703399	1	1	0
108.8887718	14.92845319	55.2272458	1.029372082	1	1	0
78.5673537	104.988454	93.75887514	0.06435832582	1	1	0
78.40382139	74.30307332	292.0661114	1.117545961	1	1	0
102.2611882	9.388973604	56.26717691	1.023815767	1	1	0
83.80660311	21.53255054	255.1244032	0.1827117979	-1	1	0
87.78283802	5.190968782	252.7959655	0.5532861105	-1	1	0
114.371284	110.2391564	311.1699027	1.108011705	1	1	0
65.00923329	3.877861433	131.9125849	0.4653824006	-1	1	0
16.70764174	46.01292418	143.3887373	0.385604103	1	1	0
7.517747561	32.46217392	97.62723232	0.4023093676	1	1	0
66.21583229	93.60645503	310.8234033	1.123098042	1	1	0
63.66825774	101.7160331	133.4431381	0.3727136854	-1	1	0
115.0309511	72.0339186	34.44514306	1.02907728	-1	1	0
45.4954912	58.15191804	257.8838006	1.288796274	-1	1	0
37.06091278	56.47276937	249.3996287	1.321199004	-1	1	0
76.0672167	82.41421254	148.3775816	0.4328763467	-1	1	0
69.42290752	18.09865266	46.79438065	1.08226124	1	1	0
98.8191502	83.25409791	11.43288696	0.5256374754	-1	1	0
9.160159126	113.2104998	93.18907288	0.005376574294	-1	1	0
58.89270896	118.1767434	73.07453813	1.210615982	1	1	0
110.459701	6.466135558	67.99959995	0.8423411816	1	1	0
86.71626699	44.04357084	69.07218668	0.8001618228	1	1	0
3.614401688	74.0275069	16.41704082	1.12216698	-1	1	0
67.701739	55.15923424	31.2066478	1.216687881	-1	1	0
2.917695068	107.589838	330.0001226	0.7292145042	1	1	0
62.15836102	79.23861362	271.2635855	0.1876589599	-1	1	0
94.35552026	11.91686378	249.3143709	0.367304412	-1	1	0
90.67979583	85.87598014	70.49040591	1.363292973	1	1	0
46.37802381	35.72867289	9.482702472	0.5476860161	1	1	0
40.52116668	12.248323	332.6746207	0.4031840069	1	1	0
34.42432461	70.55971383	121.6956579	1.049721189	-1	1	0
54.27941688	81.98210668	171.2903697	1.025751073	1	1	0
73.39948426	1.463451378	142.3328913	0.3730053701	-1	1	0
22.07074003	39.0033868	159.4279235	0.3857744949	1	1	0
96.27721417	33.30010266	193.5523707	0.7620022083	1	1	0
7.11797	1.28238921	95.59139309	0.6570497404	1	1	0
15.12410063	82.74077468	137.1075257	1.216679975	-1	1	0
80.16119798	38.22784789	53.14746252	0.8030912573	1	1	0
119.4961848	35.27371355	354.6846861	1.224521892	-1	1	0
108.5522937	45.44211988	108.3222944	0.01153206801	-1	1	0
56.66953972	6.659775193	60.13376558	1.268171917	1	1	0
84.51145395	80.21466332	134.5794976	0.5268640027	-1	1	0
95.91778071	3.550825649	65.72053512	1.295502159	1	1	0
116.6191556	101.9363293	136.0411691	1.012631456	-1	1	0
108.479544	104.1110625	315.9938386	1.199307562	1	1	0
78.58249585	46.3763433	128.998806	0.1512699857	-1	1	0
110.9913675	95.615669	299.2841407	1.385130449	1	1	0
75.64447754	113.2742212	140.2975871	0.3726948121	-1	1	0
