120	120
18.65401161	63.78020642	29.49608269	0.8600925223	-1	1	0
25.61988317	68.64875648	33.71855328	0.804633931	-1	1	0
46.81890518	73.24284691	219.4587773	1.250941521	1	1	0
6.278871857	21.98214553	252.7189944	0.9279172156	-1	1	0
90.32589407	11.49267362	195.6906687	0.4467185012	1	1	0
69.13485243	103.5198101	205.9366872	0.9965341475	1	1	0
71.49129197	35.75340724	243.5132015	0.688293474	-1	1	0
63.59665478	39.40763124	258.3297202	0.6881014353	-1	1	0
2.657096515	119.8206401	44.27932504	0.8293423789	-1	1	0
61.12346953	116.0082774	217.6941463	1.275788936	1	1	0
84.69583676	118.3804517	69.77241554	0.8167102797	1	1	0
117.2582414	105.105263	301.4481943	0.9215041012	1	1	0
53.83553947	111.2568019	320.7092475	0.2608151174	-1	1	0
110.154263	100.5295965	139.1391316	1.387151068	-1	1	0
115.9875196	42.24213566	316.0630946	0.0645108376	1	1	0
9.605450884	76.14101932	274.8398747	0.7285557325	-1	1	0
4.940514742	30.17841963	325.2039357	0.2005992747	1	1	0
114.6957293	2.803802772	36.36012546	1.015530672	-1	1	0
107.3382067	80.72943172	56.98877274	0.6214402968	-1	1	0
16.52973883	80.80223167	131.8449958	1.474726723	1	1	0
68.78633581	111.8873772	318.3849118	0.2516506254	-1	1	0
1.317671234	8.037201268	173.647669	0.08462839818	1	1	0
54.18732143	102.8844208	205.343806	1.005890598	1	1	0
7.752542558	53.92699452	84.61762516	1.463752095	1	1	0
24.14684803	77.22122533	47.79275532	0.7095811264	-1	1	0
0.7277704751	75.53818528	290.903255	0.7138241172	-1	1	0
115.5716189	82.26353346	302.8151398	1.369893877	1	1	0
10.80333327	117.4068286	151.8037282	1.199844629	1	1	0
92.27475809	50.31957546	199.2367082	0.06304875408	1	1	0
119.5080194	52.52990815	274.3261971	0.811648413	-1	1	0
46.58392617	107.1125636	219.2684514	1.102725419	1	1	0
41.3694063	40.64033721	108.2295082	0.8739184631	-1	1	0
102.1329616	30.60269545	331.5399942	0.2898717101	1	1	0
113.1881821	11.06769369	185.430536	0.191378274	1	1	0
72.43911602	27.43788582	70.28826035	1.432727985	1	1	0
111.1974568	51.77237608	115.8874462	0.1535578918	1	1	0
69.07525004	86.44903258	343.477574	1.446622595	-1	1	0
77.5253227	48.77805277	294.0449679	1.426736066	1	1	0
101.1568482	38.90305681	243.7068782	0.9417556595	-1	1	0
76.88145696	57.25395003	236.3184122	0.7842078813	-1	1	0
16.2716192	55.72873886	357.9422492	0.01815107244	1	1	0
77.83773099	113.5307208	340.266499	0.257979161	-1	1	0
115.7818923	114.1670434	26.70599848	1.01568202	-1	1	0
114.1584722	59.42064968	260.9223138	0.8990374672	-1	1	0
61.87449678	73.74501882	216.1277332	0.3152611631	-1	1	0
62.01772155	91.00287432	84.20592891	0.8058234094	1	1	0
62.20997837	56.61405857	70.4198345	0.590377745	1	1	0
102.3989104	103.6415275	308.1218482	0.8270407999	1	1	0
76.94216658	74.01094672	66.72325289	0.7936764684	1	1	0
109.0289552	36.09537941	317.3632458	0.1969615706	1	1	0
42.128432	32.35021533	103.8164938	0.1285554796	1	1	0
99.80290847	0.7751183097	72.26288838	0.3581757914	1	1	0
111.6638559	19.21945156	256.2404252	0.9370638974	-1	1	0
65.54385351	22.10816695	343.3952673	0.02211846932	1	1	0
79.39119832	32.11017968	228.9739994	0.788928885	-1	1	0
48.39354777	45.94118079	122.0343335	0.7835349501	-1	1	0
91.87977998	74.7136801	67.04381986	1.072536687	1	1	0
76.23215834	90.49621777	310.476914	1.362524201	1	1	0
117.3937206	67.46165024	275.6539836	0.8062421567	-1	1	0
80.38475275	23.79806614	345.2657693	0.03609399758	1	1	0
49.10748119	37.57227449	88.86027685	0.0385165605	1	1	0
84.50088377	70.47004707	224.8968831	0.3275233072	-1	1	0
88.47670614	101.5219261	329.6827926	0.03918236767	1	1	0
110.3343374	89.00396032	73.86115253	0.5335517444	-1	1	0
69.22075539	78.17662247	78.01030028	0.700476411	1	1	0
49.75608723	29.00559373	229.3316924	0.7806929696	-1	1	0
64.61910151	30.39562124	229.5702846	0.7791663594	-1	1	0
103.5260816	22.32034056	244.851623	0.9393544393	-1	1	0
61.66216056	65.34774596	83.55693237	0.6936915153	1	1	0
100.3965776	64.68732316	223.0264256	0.06208380145	1	1	0
78.38569751	40.31930812	203.4740633	0.0300008069	1	1	0
4.54315693	82.90925149	315.7947621	1.458805265	1	1	0
69.85622457	52.46745643	241.4033438	0.8684457014	-1	1	0
87.3040801	28.47139674	214.0260642	0.9755289093	-1	1	0
76.55141887	82.20163983	357.7695792	1.260363296	-1	1	0
109.0396391	65.89119481	235.5901205	0.06271044343	1	1	0
54.70977366	60.3355205	217.7845252	0.1248356192	-1	1	0
96.06623557	98.14172977	3.971316475	0.7329625921	-1	1	0
58.62319377	17.54693686	104.2187562	0.6787340725	-1	1	0
9.25785434	5.612717198	31.07972385	0.7365010929	-1	1	0
39.75293026	68.82647906	326.0105652	0.4127203131	-1	1	0
54.37141079	94.53446367	97.26418424	0.2598380509	-1	1	0
112.3505731	74.07534239	318.3365239	1.459453429	1	1	0
103.9915825	72.55870907	39.28363056	0.7144913401	-1	1	0
61.51700645	107.617495	218.612761	1.182694819	1	1	0
101.5691236	112.2749461	3.479973538	0.1744353845	-1	1	0
116.8286687	32.71749288	127.7349305	0.9411715555	-1	1	0
93.16571717	114.9211478	189.7552126	1.470108227	1	1	0
103.9491911	94.76421232	329.9094042	0.3636006623	1	1	0
76.62595017	1.940815344	85.22900871	1.003925047	1	1	0
47.04352008	90.22727143	79.19986987	1.099731312	1	1	0
91.56598988	83.10770489	352.6768692	1.170993951	-1	1	0
85.16563596	45.23481344	358.9490693	0.7168963079	-1	1	0
76.83739859	65.55380136	68.30967056	0.8812523289	1	1	0
5.647889187	68.73135243	80.85986248	1.463935598	1	1	0
107.9982509	117.8349934	55.29366839	0.5460482978	1	1	0
56.71244056	34.24783141	245.0511125	0.688119682	-1	1	0
97.01513314	57.0714294	290.9439165	0.7145684655	-1	1	0
11.83219904	109.0820487	166.0455374	0.4579547599	-1	1	0
98.29716311	9.006875007	10.36593673	1.290246012	-1	1	0
86.42523878	109.9607635	4.683144845	0.5378932416	-1	1	0
90.39266986	92.05677913	330.0136009	0.1460612452	1	1	0
7.844157739	13.82819755	188.7231816	0.0891142373	1	1	0
12.98137605	27.12797759	314.5138655	0.1823288496	1	1	0
69.18175995	61.17749442	231.9250333	0.9678660343	-1	1	0
46.7744946	98.71818254	84.37865601	0.3520279362	-1	1	0
35.62527797	27.11866701	354.0729913	0.7807843691	-1	1	0
69.34742234	69.67740864	71.18525612	0.7881355779	1	1	0
2.261656984	60.67721264	356.8388391	0.066986186	1	1	0
73.50242763	19.11678586	103.2781507	0.6703312901	-1	1	0
84.23525961	78.77351415	79.98107184	0.8918987702	1	1	0
105.0560284	14.16250691	196.6227537	0.2844878685	1	1	0
83.78581104	87.05712309	344.0886132	1.076016312	-1	1	0
119.783345	16.19099158	267.6657469	0.8423424015	-1	1	0
10.38905446	61.79725001	38.45685913	0.7671684916	-1	1	0
54.20894977	69.22111207	202.333222	0.2260161056	-1	1	0
118.31317	24.46034965	312.240131	0.1904483178	1	1	0
16.00549151	10.71391695	274.1145347	1.48615156	1	1	0
94.69691341	106.864832	349.2528253	0.4538009859	-1	1	0
106.4580698	5.90202489	23.63205457	1.108460011	-1	1	0
83.41886266	6.712151011	106.6985269	0.2606214146	-1	1	0
105.6443323	58.20744395	275.7887288	0.8066463939	-1	1	0
17.41349663	72.08446734	47.49085442	0.07735213311	1	1	0
91.59638046	3.239872069	125.6778015	0.1668571805	-1	1	0
14.44259215	18.9035855	266.5673853	0.8342944013	-1	1	0
82.70954818	95.69250729	359.7109936	0.9612107545	-1	1	0
3.745100704	111.5312393	175.1761133	0.0854357854	1	1	0
74.97123287	10.27798203	95.18361458	0.4845865188	-1	1	0
110.1833763	27.57749695	324.1948421	0.2897437486	1	1	0
61.77249862	82.50709398	90.37277144	0.7004894988	1	1	0
54.321899	77.64691126	204.2313658	1.43286975	1	1	0
96.95382242	17.21252748	208.8519242	0.3773736286	1	1	0
47.30841548	64.51512242	205.2930723	1.064624944	1	1	0
46.92384592	81.62660589	79.57704995	0.5059065104	-1	1	0
100.1315455	47.64327794	255.2030936	0.902166488	-1	1	0
86.347703	36.80867432	219.5201387	0.1281328466	1	1	0
109.4116146	108.7461398	290.167199	0.6418577112	1	1	0
5.407746762	103.2898378	156.4586333	0.3654732577	-1	1	0
54.36680001	86.03427565	92.50238654	0.3535086128	-1	1	0
84.58559839	53.70086497	202.145395	0.06486652982	1	1	0
92.17935855	66.36915527	239.0440003	0.2344064412	-1	1	0
69.27010791	95.19583725	96.87663729	0.1518139519	-1	1	0
66.76154966	13.79436531	92.62060659	0.6767474466	-1	1	0
70.40950466	44.06035911	290.4208663	1.427134557	1	1	0
84.32655509	61.97219945	220.6064431	0.4206384454	-1	1	0
56.09499342	42.84637533	73.24525791	0.03849897045	1	1	0
93.4574397	42.00327724	203.0621862	0.06469449704	1	1	0
107.9804863	44.22921979	256.3523388	0.9021773417	-1	1	0
99.12461736	79.53077462	81.31510764	1.363113358	1	1	0
54.88925919	51.56435573	87.23085343	0.311890788	1	1	0
3.32553282	38.35187358	118.0348061	1.033749806	-1	1	0
94.17377211	33.72910424	226.4927301	0.9733293296	-1	1	0
17.4017214	2.482023209	45.62671299	0.6420580957	-1	1	0
62.55495417	48.1149975	244.735466	0.8688537552	-1	1	0
98.14528969	88.37662841	329.2923542	0.1465811589	1	1	0
31.99422352	73.95446194	285.7731337	0.05726234707	1	1	0
57.56459048	25.8910986	67.25993837	1.432680893	1	1	0
95.41251947	25.31978961	231.1708656	0.9733984897	-1	1	0
61.68075232	99.34562744	83.25332317	0.2597575005	-1	1	0
43.32136594	23.70388661	89.07229011	0.03544126015	1	1	0
