120	120
92.80866729	89.63275893	312.8942918	1.217185662	1	1	0
13.8894994	21.68806056	43.92285035	0.556684541	-1	1	0
20.7919666	66.45984099	217.4095596	0.5467156952	1	1	0
67.73468597	90.16885269	49.99062014	1.398331813	-1	1	0
79.55469978	81.91198264	22.99284705	0.1904775581	-1	1	0
118.9758945	73.37831286	246.1580888	0.7280380155	1	1	0
20.53887908	51.34310201	205.7790352	1.109509872	1	1	0
32.73897216	104.3469779	252.3845023	0.8296231119	-1	1	0
50.19809488	90.60961294	316.8022618	1.210292732	1	1	0
50.32463468	104.9637727	342.6140135	0.1738776568	1	1	0
76.11380445	89.59351178	323.123356	0.7500934629	1	1	0
16.46758175	73.77700121	216.8508113	0.4541700796	1	1	0
119.9563464	43.36921529	15.82106678	0.8345026649	-1	1	0
31.76790074	118.6742021	134.3728123	0.5502522891	-1	1	0
46.71324479	37.0565643	300.5377564	0.366939943	-1	1	0
89.73478332	7.130189885	31.8918097	0.8315603008	-1	1	0
46.05889329	97.82406766	266.0548708	1.019171854	-1	1	0
114.9636638	66.03660193	111.5182825	0.6476927144	-1	1	0
19.85203334	110.522226	122.8766234	0.7337223993	-1	1	0
67.92075533	105.0981112	325.9026447	0.361015154	1	1	0
102.0373616	103.5207636	334.9287784	0.005968178458	1	1	0
54.63853802	112.7107757	74.94272635	1.47890219	1	1	0
63.01989925	83.09581	52.49116808	1.398921346	-1	1	0
107.4587839	21.00643331	150.4047896	0.9179964589	-1	1	0
59.32752945	105.1486532	321.0933945	0.2678070268	1	1	0
16.05602883	102.8032892	130.02185	0.64076054	-1	1	0
29.43766419	51.46143313	31.51379597	0.265673033	-1	1	0
26.02006193	29.19935012	169.6840219	0.463035406	-1	1	0
89.1823491	97.09867008	40.12803121	0.6582151142	-1	1	0
77.95538889	29.59284344	113.8082131	0.9249342908	1	1	0
106.6314943	66.15763844	10.16476024	1.197300071	1	1	0
54.90959486	97.80579165	284.923856	1.126933991	-1	1	0
24.48526486	103.3957623	105.033355	1.386875272	1	1	0
87.86835918	82.34681051	322.8170231	1.124054788	1	1	0
85.7988513	14.5270837	226.1782168	0.2717913859	1	1	0
77.3795858	14.34159218	267.2659558	1.392901873	-1	1	0
90.39080116	51.50687598	109.4179174	0.9175284649	-1	1	0
60.77601709	29.08143824	243.6412775	0.08249807185	-1	1	0
94.43882074	58.75283449	32.33301364	0.1725685524	1	1	0
97.75379387	96.41161417	24.92715547	0.7509886754	-1	1	0
64.25064065	6.905338597	19.43937431	0.6454385329	-1	1	0
11.97976163	80.75215878	268.4807065	1.194002298	-1	1	0
105.9338612	95.51877835	342.8257987	0.006527278716	1	1	0
90.63845015	36.52370267	242.322581	0.2596039311	1	1	0
4.608455181	20.90038688	347.982929	0.9116088688	1	1	0
3.562185764	66.25565351	122.1669403	0.4621847438	-1	1	0
12.24102505	51.32620245	133.320541	0.4639201935	-1	1	0
21.30189617	36.50901703	156.8992008	0.4644571463	-1	1	0
21.7738907	6.729910097	153.6024082	0.5576804502	-1	1	0
7.949838823	58.96524505	122.8843082	0.4636606649	-1	1	0
41.41953613	104.8271596	266.9670982	0.9256025263	-1	1	0
30.12826124	6.899074989	187.9887375	1.299305745	1	1	0
115.64131	51.21318464	340.6197644	1.113951756	1	1	0
24.82223529	74.35320744	32.93506307	1.206099777	-1	1	0
98.84858064	36.15569922	131.3612298	0.9167697488	-1	1	0
107.3697907	35.9148773	358.3673148	0.3593853221	1	1	0
98.21386643	6.53571493	31.88685989	0.8310416546	-1	1	0
89.69995315	112.0333863	39.95050987	0.7440744948	-1	1	0
103.2194411	13.65448539	211.0322538	0.1741087292	1	1	0
98.30603531	66.12953355	330.3428537	0.7331314073	-1	1	0
28.19958766	111.2357145	115.6578131	1.3880267	1	1	0
42.76553025	29.42030487	305.6598805	0.3650177094	-1	1	0
8.829031028	28.64198181	332.6929349	1.198210813	1	1	0
20.54551535	81.51880479	230.277546	0.1803543114	1	1	0
4.041238345	51.40328634	345.2516987	1.210884629	1	1	0
59.37659928	119.9472853	70.26645821	1.204238017	1	1	0
16.01912698	88.52398328	254.2055701	0.921513427	-1	1	0
68.9200397	14.19420868	333.4274868	0.6412657955	1	1	0
4.668564811	35.93829546	28.22684003	0.7354348605	-1	1	0
80.84288464	97.52524909	329.0571855	0.2852878061	1	1	0
103.1244743	28.57863302	139.9093868	0.9181570183	-1	1	0
52.77449268	31.38632906	204.916694	0.9173176969	1	1	0
12.98599173	36.48238684	320.8541514	1.294270006	1	1	0
37.38366408	97.23669281	337.9706685	1.206907498	1	1	0
29.6584981	36.80171165	188.7769856	1.1125411	1	1	0
82.05596419	51.73491405	267.5939551	0.1746540325	1	1	0
81.82998025	21.9167624	251.1821304	1.203398455	-1	1	0
118.9140812	88.23826135	12.22616472	0.1705200557	-1	1	0
116.2757178	35.70559931	353.3204899	0.2749890724	1	1	0
86.41172234	29.14639811	257.4917994	1.110977017	-1	1	0
41.71812702	90.04572902	24.89651276	0.08901998621	-1	1	0
3.465146589	95.42887544	11.67344735	0.2673997237	-1	1	0
24.78317727	88.71370763	269.820958	0.7417036671	-1	1	0
90.00845773	66.32441048	47.73277185	0.1737138649	1	1	0
29.31420396	81.68579214	317.5106242	1.393635643	1	1	0
72.16965171	112.1667999	31.97564828	1.026564209	-1	1	0
84.41081732	89.82112117	25.83008581	0.37767453	-1	1	0
7.607294119	87.89285806	97.7251306	1.382701569	1	1	0
85.96294957	59.05754105	94.91681048	0.9203830414	-1	1	0
16.89703537	58.91140978	143.7089856	0.3589719715	-1	1	0
77.93676941	44.44492899	234.4494795	0.7331249727	-1	1	0
3.262663096	80.58624512	254.2534701	1.473191971	-1	1	0
17.81917253	14.25379014	311.8594759	1.301591811	1	1	0
63.48726705	97.66150989	317.5738491	0.3786545899	1	1	0
34.36564546	29.46069393	174.3170932	1.110805528	1	1	0
111.1122003	58.60586936	354.1097002	1.208535778	1	1	0
94.57199912	14.24047485	214.3140727	0.1793569857	1	1	0
9.503888781	14.11839334	28.814838	0.5567087095	-1	1	0
111.6573419	43.25316541	1.73868294	0.459924194	1	1	0
85.33820469	119.5030998	48.92737915	0.6526634293	-1	1	0
69.57295407	29.03011017	231.065092	0.1763383532	-1	1	0
73.51051635	21.6425762	349.9185526	0.5500298397	1	1	0
94.83000757	28.89481998	232.0487168	0.2660350805	1	1	0
46.19507946	112.107902	278.0219461	1.013000857	-1	1	0
119.4583869	58.58433434	125.6156847	0.4621590855	-1	1	0
98.88278346	51.13871446	16.49587768	0.2630853415	1	1	0
11.76300934	95.64977206	109.8371488	1.382867634	1	1	0
110.6083242	73.80355873	126.9043571	1.29067244	-1	1	0
7.733473819	73.53349233	230.3640038	0.6350274401	1	1	0
114.7857731	81.00914948	231.2798069	0.6364532593	1	1	0
72.74338748	6.8272571	24.52749559	0.5526737684	-1	1	0
25.21700823	58.61902173	191.4331136	0.9175334491	1	1	0
12.26978562	66.15255794	225.8601907	0.6397700878	1	1	0
102.7623816	58.5879973	345.9199161	0.7414062195	-1	1	0
81.08312129	112.0270733	190.099288	1.399245583	1	1	0
81.2420305	6.779355592	210.3847787	0.1822789096	1	1	0
107.2238888	50.93459602	1.622945721	0.7470336066	-1	1	0
38.0938129	82.28525302	329.9705185	1.393950951	1	1	0
72.08343143	97.40494395	313.5101903	0.3773421906	1	1	0
94.6717078	43.89366295	121.779529	0.9163881151	-1	1	0
97.98034255	111.4640427	329.0630896	0.0008215553915	1	1	0
65.11984522	21.64590016	239.9870304	0.08252928028	-1	1	0
76.74284495	119.2123346	35.86560641	0.7462062838	-1	1	0
39.00224179	22.02205339	158.3007601	1.106142693	1	1	0
16.59802244	43.84418211	146.2729083	0.4643570281	-1	1	0
111.6013552	28.4280552	350.9817865	0.3593621635	1	1	0
73.7003441	36.81386288	247.5797813	0.5471876865	-1	1	0
93.82045576	104.2817489	33.80144122	0.7513454032	-1	1	0
82.198809	36.98616433	241.8584194	0.7334736474	-1	1	0
86.42791502	44.21332724	253.8641368	0.1747024634	1	1	0
42.35107959	44.17653636	172.1539473	0.9259515127	1	1	0
0.3939290539	28.15442772	15.22393024	0.6394408837	-1	1	0
65.24529964	36.13467731	352.59359	0.8282317281	1	1	0
63.37613954	112.5085708	43.26967071	1.204526578	-1	1	0
24.95173993	44.19544551	201.4209229	1.109618588	1	1	0
8.298025888	43.81440618	332.2193407	1.299869631	1	1	0
28.86821765	96.46458097	260.3056447	0.74490779	-1	1	0
33.32104936	89.31938383	323.9174693	1.304718938	1	1	0
38.11450083	36.92065543	290.7880013	0.3672408824	-1	1	0
85.11815973	104.7553626	30.02551899	0.8401888789	-1	1	0
93.64234724	119.3382901	66.65708765	1.397993048	1	1	0
34.56618012	14.44035909	172.0512988	1.199222898	1	1	0
17.67785018	29.09847955	311.9274908	1.208050915	1	1	0
58.79451734	90.27096022	320.479822	0.8458481597	1	1	0
76.345291	104.6433761	44.49679524	0.920330527	-1	1	0
20.48275635	95.72395395	94.51312496	1.299912601	1	1	0
38.18681147	51.34469448	47.1536737	0.1819427836	-1	1	0
101.3331623	88.48954766	9.728019918	0.7583410873	-1	1	0
36.96779344	111.9502568	101.0058872	1.201995357	1	1	0
68.14764348	119.4156311	84.46141896	0.8320586958	1	1	0
71.3122203	82.24435049	312.306559	0.8418924444	1	1	0
90.56373677	21.56586507	264.7968121	1.017491775	-1	1	0
115.9088898	20.8125926	336.5795859	0.5447933273	1	1	0
26.19294495	14.28586922	169.0565978	0.4654662619	-1	1	0
111.7161576	13.41816967	165.4035026	0.9191250888	-1	1	0
30.68187176	21.80044379	184.3776694	0.4529527373	-1	1	0
99.16203085	21.3960148	222.033439	0.2614826604	1	1	0
22.31660407	21.73807844	296.6132711	1.208170921	1	1	0
33.65293825	44.30432887	186.4071671	1.02006243	1	1	0
103.1592196	43.4108271	1.727140087	0.3596598855	1	1	0
