120	120
107.7726294	115.5175955	115.0588794	0.1028660004	1	1	0
17.86546828	109.5917909	340.7472125	1.22615412	1	1	0
63.12558335	104.7512044	326.9742777	0.3757420661	-1	1	0
75.61379594	11.44472542	101.0180655	1.131462053	1	1	0
86.40846926	93.07835797	221.8325238	0.09703406999	1	1	0
63.83266172	96.46543574	343.7849815	1.210452126	1	1	0
15.23521559	15.18167201	114.7301622	0.4007802321	1	1	0
57.19430856	51.84837782	64.56351361	0.4989637531	-1	1	0
2.915117086	108.4079793	334.5691323	1.412976614	1	1	0
86.82919233	84.70509527	344.881396	0.8412694033	-1	1	0
113.585221	8.714547104	327.8828463	0.8493237524	-1	1	0
28.62345174	33.10431312	197.4275236	0.9653680055	-1	1	0
100.3489317	111.1804499	319.8748025	0.8409344342	-1	1	0
6.442957372	35.66311674	326.7538	0.6824871108	-1	1	0
78.16671403	105.9108909	321.6160053	0.1884922724	-1	1	0
59.51544519	26.82115791	313.2710022	0.8758548926	-1	1	0
116.9309927	86.87178813	107.8146543	0.06332087642	1	1	0
110.0118355	51.49831629	212.8774516	1.03217623	1	1	0
77.34545138	114.2480322	206.9008695	1.215697316	1	1	0
111.5846638	34.04844206	244.8344913	0.6539578178	1	1	0
94.52427615	81.09510796	93.21453125	0.06456505746	1	1	0
86.09780807	101.7786966	205.4577663	1.302133682	-1	1	0
101.8172361	85.97677408	106.6033223	0.06474783907	1	1	0
54.1780288	116.0017162	203.9945081	0.3051097207	-1	1	0
63.78489261	65.17495298	329.6573541	1.069958628	1	1	0
89.37115505	28.33177422	312.2851094	0.6564349166	-1	1	0
58.14474402	43.55723825	106.5361201	1.241843442	1	1	0
62.96669079	73.43453545	200.3836659	0.4030527736	-1	1	0
50.81233912	39.07104337	301.4284376	1.056104465	-1	1	0
58.74224079	35.19058911	314.011442	0.9689752542	-1	1	0
7.691678079	18.88917523	323.6571952	1.052342413	-1	1	0
7.452854804	27.13591878	239.7162084	0.4025184264	1	1	0
74.96369853	19.75669941	65.60477576	0.5734337497	-1	1	0
50.16787158	47.39080047	123.3672026	0.8700839563	1	1	0
12.1315287	48.95792982	95.62615144	1.392354162	1	1	0
41.10672612	68.22336708	47.39985904	0.6036975793	-1	1	0
31.76614247	119.2043457	124.5704962	0.9477300623	1	1	0
1.402219795	5.535243729	231.8481494	0.01037073373	1	1	0
16.27156651	6.846302737	324.1266743	1.238383646	-1	1	0
26.52153526	58.28526525	81.59981899	0.7430142142	-1	1	0
108.5170569	98.98081998	307.7908472	0.9947152794	-1	1	0
11.59503309	57.36073217	321.6476028	0.6479779326	-1	1	0
93.72431557	97.79927342	232.2698491	0.189967139	1	1	0
30.67983856	15.94073683	123.8562687	0.7730440598	1	1	0
23.75734599	2.729400134	110.3021591	0.7728686553	1	1	0
0.07200182279	22.23695228	227.3011158	0.4955559182	1	1	0
108.0422845	107.2716066	308.8363884	0.9340977313	-1	1	0
19.37151517	53.68880796	104.7706603	1.488032344	1	1	0
55.09284261	77.2416789	186.80052	0.4961400718	-1	1	0
34.60433194	55.11770286	6.008940251	0.03330830453	1	1	0
21.03212554	36.85881964	350.2755557	0.03365999137	1	1	0
96.27773037	41.5109945	249.0350355	0.009490006052	1	1	0
73.61927152	36.48928892	179.4377782	1.225392625	-1	1	0
98.82555074	7.941239091	103.9039288	0.004243498916	1	1	0
92.3381371	114.8227526	328.8381492	0.8409487572	-1	1	0
116.8112709	56.43054363	340.991937	0.3192628543	-1	1	0
117.583476	70.75059791	216.5918021	0.6006455971	-1	1	0
22.7900568	19.49613242	318.7414078	1.145674094	-1	1	0
103.2700435	46.34159718	201.4638875	0.382084605	-1	1	0
104.0157872	37.57311103	189.0272527	0.3809516532	-1	1	0
8.370707496	10.41440427	334.1541247	1.051198233	-1	1	0
46.41260358	119.4319002	92.16807091	0.9575600662	1	1	0
69.2059727	118.0872362	86.7436573	0.8608668602	1	1	0
68.76739822	6.576671025	97.4860339	1.129232893	1	1	0
102.1951297	77.71875185	98.73938308	0.8095637883	-1	1	0
42.6429253	43.2264558	128.9852825	0.5923425469	1	1	0
60.71504182	9.943686769	109.8939822	1.14421204	1	1	0
10.72121033	104.9886035	205.8000978	0.3893405125	-1	1	0
31.09579532	7.551071622	182.814474	0.1095778337	-1	1	0
29.79645716	24.48533328	128.3595715	0.7732006959	1	1	0
115.2954163	111.703924	320.995522	0.7577146197	-1	1	0
85.28965421	110.2365526	225.3592889	0.5602214756	1	1	0
90.80822715	11.51682839	96.75279141	0.747708541	-1	1	0
71.60209073	93.28631501	200.9832527	0.4689352994	-1	1	0
56.84481161	60.55660301	77.61104616	0.4149276229	-1	1	0
73.11527847	44.80408002	248.2465367	0.1990169654	1	1	0
109.8163272	73.95477727	77.7147161	1.34612584	1	1	0
21.69938771	28.1785951	105.4979596	1.430697933	1	1	0
100.9231507	102.7006964	243.7017121	0.2835573239	1	1	0
62.07353889	113.213931	98.40371072	1.047835251	1	1	0
53.88671655	4.266758414	99.04567055	1.05067948	1	1	0
39.01668161	4.0133358	175.3609029	0.1711903034	-1	1	0
76.32468169	2.627835822	322.6045117	0.3878898879	-1	1	0
91.34896816	3.163779186	105.8590188	0.1885010846	1	1	0
36.05799348	38.01121938	186.3472696	1.059064887	-1	1	0
55.91874991	68.96456383	344.3191949	1.163162591	1	1	0
93.14087834	106.3601797	239.9896814	0.3739736244	1	1	0
97.21982811	24.61009193	323.9553177	0.6564170944	-1	1	0
37.82512269	21.05243454	141.2932143	0.7731907236	1	1	0
80.96968378	40.62333785	264.3290818	0.1056120332	1	1	0
78.70878508	97.57411355	341.6646044	1.305655795	1	1	0
70.20035414	109.8614471	338.5660646	0.2837434495	-1	1	0
110.757594	42.76237083	228.499845	0.9390880499	1	1	0
115.725384	103.4566528	244.7075267	0.0151252397	1	1	0
105.7756147	12.3838497	339.5838641	0.6634475563	-1	1	0
49.74150968	56.08027306	108.4092973	1.148452106	1	1	0
28.44044365	41.49485067	4.492115711	0.1279272087	1	1	0
80.6662876	48.86776693	299.1067078	0.7574013281	-1	1	0
27.41281658	50.13382911	89.67480284	1.488069933	1	1	0
117.622192	47.71209073	324.5944769	0.321026536	-1	1	0
104.9890442	20.74694756	336.5799194	0.7493435166	-1	1	0
118.299098	39.00050211	309.4688745	0.3143681795	-1	1	0
112.2924855	25.66243528	322.8229062	1.026439804	-1	1	0
88.82217747	36.84903699	254.2463158	0.01370320876	1	1	0
74.42783002	28.07779889	141.4934476	0.01479331074	1	1	0
13.45948174	40.71894684	334.1565467	0.6821509318	-1	1	0
41.94617418	59.97076543	122.2714935	1.366688057	1	1	0
119.6262671	30.72478918	233.1287884	0.5900085697	1	1	0
66.6061791	31.70945151	132.5806558	0.1079108944	1	1	0
16.86971779	118.0301797	80.29872986	0.1094587661	-1	1	0
9.269587152	2.053958961	339.2029567	1.319795704	1	1	0
104.4461741	29.07915182	229.8630955	0.2814512286	1	1	0
55.33941141	107.7440029	110.0361936	1.143578224	1	1	0
84.41871232	118.6878331	341.0458347	0.8399641483	-1	1	0
67.17130679	23.12781578	127.2998209	0.01335121799	1	1	0
97.81301515	16.38068802	103.7737157	0.004242939975	1	1	0
83.32017809	7.278689975	86.40480985	0.9446772902	1	1	0
51.63454919	30.73661135	127.8568688	0.41016477	1	1	0
2.421685658	116.6946153	331.3935418	0.6645721104	-1	1	0
44.34349255	26.38044309	65.30808683	1.427601284	-1	1	0
109.5480934	82.45284763	84.84358058	0.8103110712	-1	1	0
3.503657702	99.78497686	235.6479832	0.0150845659	1	1	0
48.05663754	72.80655845	359.2191392	1.256406186	1	1	0
35.04109516	46.73952647	201.6288454	0.9668388765	-1	1	0
88.34499036	45.4606014	252.1037684	0.01281858436	1	1	0
99.26269757	119.3081913	116.9092122	0.09576663847	1	1	0
23.49572959	11.1254433	110.7768612	0.6798897963	1	1	0
82.84555363	15.622594	80.06413698	0.4783561648	-1	1	0
70.87805529	101.5892313	329.664143	1.120883039	1	1	0
114.6016601	0.2758943539	334.7000434	0.7558588851	-1	1	0
116.2625762	95.14491982	321.677213	0.8080020048	-1	1	0
82.20387567	24.04035771	126.6105464	0.006087843488	1	1	0
89.99536771	20.10688264	115.3365423	0.006191645963	1	1	0
112.8460067	63.82735786	233.1561471	1.158058073	1	1	0
67.68686147	14.80615338	80.54282743	0.5704612927	-1	1	0
14.28338095	32.02723302	320.6066179	0.7754277637	-1	1	0
20.79457535	45.2083905	323.6325371	0.6844859345	-1	1	0
42.35937724	51.66516232	185.8758477	0.9633799246	-1	1	0
43.74279521	34.60754917	143.2761534	0.5912633264	1	1	0
106.3152322	3.750543124	327.8613778	0.848048494	-1	1	0
101.3100418	94.3099366	319.5531252	0.9348979064	-1	1	0
0.5401636682	13.88967821	339.8869787	0.9581046517	-1	1	0
96.49482591	32.96420578	246.9665584	0.00968989291	1	1	0
81.61796575	32.31961305	300.8269637	0.5712492293	-1	1	0
47.29277722	110.9180858	98.47898049	1.050743368	1	1	0
1.601428699	63.26020964	249.2158345	1.158772991	1	1	0
48.97222988	64.40447501	62.21936398	0.5105665928	-1	1	0
5.13541907	43.95275282	100.9766272	1.298834177	1	1	0
109.1312931	90.75395044	120.7716421	0.1564748732	1	1	0
94.05125635	89.55610049	332.2608358	0.9343804013	-1	1	0
14.98600447	23.44919517	306.9724199	1.052425118	-1	1	0
4.07029779	91.30163675	335.7788648	0.7172326692	-1	1	0
112.702697	17.07205599	206.9307782	1.316249319	1	1	0
24.84833333	114.4385192	65.76411035	0.2025763826	-1	1	0
4.354804067	52.73521702	87.72597863	1.206483225	1	1	0
10.01686795	113.34743	324.8159811	1.226512159	1	1	0
36.59807577	29.62654474	130.6858656	0.6800661388	1	1	0
65.22079933	48.1123563	82.67632084	0.5722495383	-1	1	0
61.74823977	1.607223293	203.2824765	0.2117967503	-1	1	0
64.10914944	56.43929637	342.6005945	1.159821122	1	1	0
