120	120
36.6499203	37.25986425	313.7050527	0.7031694089	1	1	0
25.83499629	61.5677316	14.91767272	0.04203946633	-1	1	0
0.54831582	99.54576292	124.4820947	1.267791658	-1	1	0
6.517856494	113.2470803	123.6396378	1.257348327	-1	1	0
110.7671582	119.6028677	69.53292542	0.9046764147	1	1	0
108.9551454	35.53465304	258.4960604	1.298228604	-1	1	0
97.65409914	101.6991952	65.90330324	0.9095185535	1	1	0
80.40366382	50.05384434	354.6041764	0.5509950738	-1	1	0
90.22845336	97.22520002	76.68259616	1.001293141	1	1	0
1.271685345	53.99052565	279.492074	1.454292098	-1	1	0
8.31465762	96.33497872	210.5303934	0.7034845544	1	1	0
28.30068435	39.23001605	247.8452727	0.04505296932	-1	1	0
34.19898781	6.15343633	23.76639123	1.24284019	-1	1	0
11.22759525	64.62747092	12.02411802	0.1356659377	-1	1	0
71.90600886	38.09554496	239.0356578	0.4566631813	-1	1	0
82.21510161	66.78640604	355.3048131	0.5439890162	-1	1	0
20.04572921	35.92299293	26.8433859	0.8805158087	1	1	0
5.705089485	39.41460659	357.7353707	0.1352852703	-1	1	0
31.27832512	23.05395132	271.8222645	1.353480756	-1	1	0
9.554735235	24.8562175	147.6341267	0.508513324	1	1	0
88.74628978	53.68242564	13.41723131	1.109841101	-1	1	0
15.46308429	101.3170493	222.2361921	0.7035134778	1	1	0
13.98564941	41.73987527	5.744532361	0.04236068151	-1	1	0
58.26071453	114.5218461	302.0164125	1.468641751	1	1	0
103.9352259	114.1552252	86.11054472	0.9970574441	1	1	0
44.10669256	105.5666751	207.1349698	0.351026425	1	1	0
116.4042342	13.43785752	259.6839724	0.040343182	-1	1	0
112.6325498	102.5080707	68.86128325	0.9044965803	1	1	0
36.5102344	109.0836427	125.0277587	1.284058428	-1	1	0
4.985337651	70.68280494	2.462019873	0.1411016602	-1	1	0
60.55227834	81.07576323	182.9853286	0.5433676577	1	1	0
10.62083867	15.92071913	167.9208095	0.5904357738	1	1	0
66.12272386	110.2135873	314.7098272	1.376513675	1	1	0
4.338582249	10.55683313	153.0526871	1.428481586	-1	1	0
105.719378	89.28879022	84.68913705	0.3511752579	-1	1	0
46.3131201	26.04477338	273.6329499	1.313963473	-1	1	0
30.32995592	47.27795755	26.81994274	0.8804536268	1	1	0
5.425856124	1.924509479	137.4387502	1.343366687	-1	1	0
15.81567881	50.2885635	279.5476701	1.442393981	-1	1	0
32.85036384	14.82655144	307.8303012	0.6925236419	1	1	0
2.951540031	19.34728693	165.9253854	1.437270327	-1	1	0
96.2509368	48.12881426	261.4772304	1.390160187	1	1	0
101.6988528	10.60740483	305.1875645	0.8819905738	1	1	0
19.68652476	3.877049836	12.22738527	1.346532727	-1	1	0
105.3310231	97.57855866	81.43403773	1.000808895	1	1	0
12.93654496	118.5647619	194.8253265	0.6004000046	1	1	0
74.46728938	63.28605089	285.3134107	1.009525557	1	1	0
9.478924924	56.29168658	127.2873241	0.8829942483	1	1	0
106.6971671	57.9755211	139.5505113	1.053082306	1	1	0
100.4238088	33.38901286	244.414934	1.296748553	-1	1	0
35.46964524	117.9052726	193.8028487	0.4459653025	1	1	0
104.5882634	49.82263385	243.4629634	0.7727475574	-1	1	0
79.4099271	41.79887776	293.2742714	1.295105763	1	1	0
21.88070764	44.52964587	12.45664049	0.7887305314	1	1	0
102.8940227	2.387649492	230.304047	0.2304303007	-1	1	0
86.27617911	37.06583633	118.619308	0.5494181987	-1	1	0
113.0695063	51.76408565	127.8969777	0.9630302438	1	1	0
13.08687452	72.92315399	261.4413345	0.878731059	1	1	0
7.654085579	104.6719734	109.5392356	1.361341331	-1	1	0
30.46324259	31.21687279	299.7025608	0.6100888985	1	1	0
106.5849096	27.53318505	267.4993301	0.7394364087	1	1	0
97.93004187	93.39822841	97.58646416	0.2575906865	-1	1	0
82.49253393	76.03219299	17.10196923	1.475998094	-1	1	0
67.3137011	68.07856916	295.4911664	1.10275287	1	1	0
17.52738022	58.66549013	283.4345626	1.442363305	-1	1	0
78.71784298	33.17700674	279.1575801	1.199138542	1	1	0
19.34127915	66.80172569	249.1120593	0.7856142845	1	1	0
58.86156588	106.1981382	224.9388914	0.7236606673	-1	1	0
104.9337328	105.8705647	224.8131121	0.161746756	-1	1	0
66.64805822	59.7052471	354.1835196	0.4503635725	-1	1	0
47.17910268	17.35041763	293.758345	0.6086337593	1	1	0
11.84692242	33.14881172	347.6994283	0.1358578224	-1	1	0
38.50687089	29.16990865	272.7199069	1.353795811	-1	1	0
75.4361805	89.34475085	305.0889843	1.00709062	1	1	0
117.6565413	5.140521583	53.50982469	1.157984952	1	1	0
90.35666908	88.92566683	84.83907965	0.2624822456	-1	1	0
50.90756751	60.01685538	284.7276942	1.283023582	1	1	0
92.25086915	31.24237911	272.7135739	1.204025103	1	1	0
65.17126769	51.52623179	285.7132637	1.106139598	1	1	0
53.09277263	84.90610909	355.8066231	0.4434966795	-1	1	0
50.97769087	110.3889424	239.5793339	0.8163568444	-1	1	0
63.66851684	43.25966268	352.6990776	0.1934587006	-1	1	0
23.23988835	26.54970022	284.3260688	0.509776529	1	1	0
51.70334029	101.6136817	228.44679	0.7236974828	-1	1	0
89.69474357	80.55063292	63.5607317	1.015222458	1	1	0
109.714405	7.876020496	245.9526487	0.138438965	-1	1	0
67.48137261	101.9893661	222.0267632	0.5379005651	-1	1	0
39.32053128	20.71835108	296.4997443	0.6086280259	1	1	0
60.25117951	72.5816793	235.9260265	1.473551804	-1	1	0
54.43279427	39.45401648	353.5980269	0.1935418553	-1	1	0
118.5513818	116.4867363	125.2135192	1.164221938	-1	1	0
84.83460349	27.64252434	117.8665867	0.4535552568	-1	1	0
26.25536729	9.240441563	309.2291103	0.6919938513	1	1	0
113.0334921	94.11461826	98.79799705	0.4380983314	-1	1	0
71.957046	46.35902216	280.6475938	1.107931188	1	1	0
75.46890826	80.57481883	294.7541479	0.9141627924	1	1	0
98.44687173	56.15910809	226.4068444	0.6767425893	-1	1	0
98.27914443	25.11428695	280.5402746	0.9275105221	1	1	0
67.97071759	93.60538502	307.645637	1.100111557	1	1	0
43.15329147	114.2762094	195.4538105	0.3510782269	1	1	0
28.84498421	112.2658134	208.5390496	0.6322574571	1	1	0
82.47897588	84.79192521	106.2715707	0.1681898511	-1	1	0
111.9011559	111.0764727	79.62633233	0.9058071073	1	1	0
21.12600028	74.98102923	247.6595004	0.1334561614	-1	1	0
75.24026051	71.82564156	281.0467861	0.9164476489	1	1	0
75.39799547	98.12996736	317.1679838	1.190909828	1	1	0
119.8950702	107.8906839	83.96108824	0.7996334348	1	1	0
48.48381723	8.546646514	309.393724	0.5906321968	1	1	0
73.45556842	54.77450195	278.0003262	1.014746403	1	1	0
114.98004	29.81957269	252.4612003	0.6129014037	1	1	0
17.0814481	21.13095683	38.88101437	1.34662592	-1	1	0
108.7382398	66.11520835	350.0376385	0.2212400073	-1	1	0
94.30117535	39.725656	256.9343771	1.297187634	1	1	0
87.50060485	45.37623517	274.6190706	1.297032929	1	1	0
61.46768172	35.04942865	280.0234835	0.9385163385	1	1	0
30.03322128	103.6393062	195.8388585	0.5390929331	1	1	0
47.07439616	43.45264263	286.5481284	0.8106686707	1	1	0
60.31180406	97.93907483	317.6181409	1.280764637	1	1	0
22.18206508	107.1491799	244.8154263	1.356799752	-1	1	0
114.8105587	59.8804439	6.714094831	0.1283018034	-1	1	0
27.59267561	69.67939457	262.8200704	0.8687409076	1	1	0
108.2689396	16.15644889	295.841347	0.7901878615	1	1	0
111.0592818	43.66684859	260.5176158	1.267587112	-1	1	0
18.40332068	12.49424984	25.41914867	1.346684136	-1	1	0
53.98063152	22.61360174	274.1560445	1.314943111	-1	1	0
82.65765787	93.58594529	96.67313153	0.2612642939	-1	1	0
119.6070482	45.75920477	276.6762674	1.453406447	-1	1	0
60.56137042	89.53841222	340.825968	0.2595094088	-1	1	0
117.0298308	67.98592416	13.71779627	0.8858601171	1	1	0
20.76278016	115.3462102	196.8230994	0.6107334674	1	1	0
38.69930465	45.30335405	74.71499692	1.449795414	-1	1	0
50.41047393	118.8909463	186.816045	0.1265739294	1	1	0
117.4468584	37.84903192	254.7344363	0.6156074156	1	1	0
52.83126556	76.54566836	300.938083	1.470865487	1	1	0
14.13005636	109.8723205	207.7869252	0.6105638941	1	1	0
31.76483553	55.82907686	15.94256328	0.7874147519	1	1	0
89.41556528	71.10726919	297.2933259	0.8223287784	1	1	0
7.809268448	47.75717548	132.735915	0.8829676375	1	1	0
68.17299992	76.4066841	351.7556268	0.1697930849	-1	1	0
56.36128227	47.60168693	283.3143059	1.123418482	1	1	0
59.52233214	63.96044498	282.2442431	1.473181044	1	1	0
114.6171216	21.64395587	163.2676895	1.441560401	-1	1	0
42.33401661	2.931112947	12.37994444	1.243730914	-1	1	0
24.05225379	52.7621568	9.685231332	0.04487921997	-1	1	0
52.39165721	68.20743434	354.0792838	0.4485907372	-1	1	0
102.736715	41.66575376	249.2051391	1.482868164	1	1	0
3.086000574	62.19266993	17.39473203	0.04808196725	-1	1	0
68.06831686	84.90600569	350.0019157	0.1709166895	-1	1	0
45.12810667	34.66094804	298.7237156	0.8022118741	1	1	0
11.88531566	7.224697446	181.1156428	0.5912567241	1	1	0
3.401670743	31.05808707	353.6646951	0.1361661394	-1	1	0
58.0517327	55.79176987	354.3992761	0.5418122858	-1	1	0
89.36709076	62.25776553	283.8584081	1.009426096	1	1	0
81.52583429	58.37305574	294.318729	1.009565633	1	1	0
40.74036914	11.80147465	26.75603609	1.242851361	-1	1	0
53.21075809	31.1788064	292.1623935	0.8494064061	1	1	0
27.49605537	0.5288055897	11.54289847	1.342504446	-1	1	0
53.01633976	93.23061123	306.8666958	1.189268119	1	1	0
74.29345544	106.7316873	326.8475181	1.283156066	1	1	0
24.72233516	17.87570697	295.3038748	0.6020722557	1	1	0
