120	120
83.99121957	94.20744617	190.33704	1.461593712	-1	1	0
66.86228966	93.10362462	294.4240159	0.6058196157	-1	1	0
72.0431529	3.719030782	81.4186941	0.1368953046	-1	1	0
61.75528454	100.3140306	310.3244402	0.6042674991	-1	1	0
102.2252428	108.3652862	192.0968059	1.249890457	-1	1	0
74.09993069	55.78019569	291.2795075	0.6255279579	-1	1	0
69.41573514	63.62997299	316.0896903	0.901165048	1	1	0
29.43774483	83.35058657	300.3909993	0.516111136	1	1	0
83.26785788	41.00035549	268.6337842	0.626589222	-1	1	0
99.52900044	16.66749279	200.1272556	1.230580329	-1	1	0
110.3652799	3.389480241	316.4703203	0.03462645434	1	1	0
53.19400176	47.51930739	287.0658128	0.2607738028	-1	1	0
101.8973297	2.653775407	71.95621303	0.9645506452	-1	1	0
56.65774596	107.4876832	323.4911066	0.509672036	-1	1	0
1.292429858	80.40744276	191.2141791	1.338090215	-1	1	0
5.365614858	19.79983542	295.4424868	0.2184850176	-1	1	0
40.68720063	39.49729019	287.3492744	0.5334738881	-1	1	0
39.18639637	106.2621179	315.9466763	0.04145391541	-1	1	0
81.91569137	70.90929288	302.0373066	0.7213875588	1	1	0
74.91358167	40.61986823	224.6469589	0.3519250625	1	1	0
5.863066656	51.84040655	71.38593617	0.6334118995	-1	1	0
89.00552664	100.947117	297.3207901	0.6053282943	1	1	0
26.12792119	75.64800955	75.95779957	1.446547125	-1	1	0
58.36162915	92.66492014	201.0570038	0.1350087445	1	1	0
60.58900501	115.1366043	315.9295441	0.4182145045	-1	1	0
31.63457779	54.03525003	313.0442044	1.365836918	1	1	0
42.93512708	113.8838523	315.5538915	0.1350190104	-1	1	0
116.5808593	87.3634703	295.4193675	0.4134055867	1	1	0
115.8624338	101.6243324	55.59476688	1.430583323	1	1	0
62.64624001	18.40200724	110.8877722	0.2573011089	1	1	0
62.6124876	33.11736033	147.55068	1.004271266	-1	1	0
78.55034755	101.3626894	175.4664052	0.9777790944	-1	1	0
20.02400534	118.6905961	176.8021277	0.86888228	1	1	0
90.24363713	72.20226029	310.8269292	0.5359775861	-1	1	0
98.72278656	72.79409459	174.8251977	1.27788752	1	1	0
59.96598505	77.8919478	156.0947452	0.9866308279	-1	1	0
93.33141616	108.2614256	307.4322938	0.1341795281	-1	1	0
105.028761	10.34007117	302.8108257	0.2206678464	1	1	0
27.68924014	97.56735972	302.7358324	0.0383268544	-1	1	0
86.71899008	63.95896813	291.0150972	0.4402126349	-1	1	0
17.04036245	110.9455609	302.9866061	0.1264733184	-1	1	0
18.06084269	60.51562571	72.09489079	0.6999452961	-1	1	0
51.81175506	114.531037	327.5203351	0.4154284344	-1	1	0
77.0879322	78.58879636	289.1591646	0.06811002465	-1	1	0
48.00647387	107.0435615	275.9374253	1.439090634	1	1	0
113.4814757	11.29739194	306.4956879	0.03282603398	-1	1	0
98.31853667	87.08292776	294.8525317	0.9083035619	1	1	0
43.27056478	76.93666133	292.793225	0.7037774656	-1	1	0
7.144134226	4.793601565	57.44561609	0.4030920478	1	1	0
25.58321203	112.2387779	311.7385787	0.03325517225	-1	1	0
60.89973065	62.43092485	288.6886269	0.1678716647	-1	1	0
108.1971619	18.06559514	214.2063382	1.415593343	-1	1	0
67.37360194	25.38238711	130.5945737	0.7243034409	-1	1	0
41.53470196	91.49709626	166.9689976	1.438672201	1	1	0
93.88220307	80.01724025	303.7644501	0.6278869826	-1	1	0
33.02113907	90.84166031	311.4363955	0.2282339748	-1	1	0
51.66487365	77.29731437	92.3506505	0.06030334421	1	1	0
1.914626203	12.11879705	177.5278723	1.149840132	1	1	0
75.42399921	93.45856235	194.4176169	1.089083755	1	1	0
10.70607024	45.02163316	300.3880596	1.4715873	1	1	0
95.35803143	65.15319154	296.2392924	0.5325635295	-1	1	0
70.41112683	48.12256317	213.3666496	0.1646214259	1	1	0
38.20930674	83.9996273	304.1703272	0.5176361033	-1	1	0
55.91523043	70.04383318	170.3260891	1.178104611	-1	1	0
111.1722187	108.5347891	309.8161613	0.3118067175	-1	1	0
85.52772426	79.1534912	307.8424007	0.3497099123	1	1	0
111.7408318	94.35087935	191.4131475	1.337391508	-1	1	0
80.60575779	86.40701582	286.5382937	0.06711707637	-1	1	0
98.07433327	101.1777637	53.99129395	1.439740926	1	1	0
93.66746107	94.07731897	289.2385143	0.04477040815	-1	1	0
46.65333108	84.46194878	178.109017	1.451970264	1	1	0
24.12058771	89.82668558	299.0877817	0.123456601	-1	1	0
40.57924253	54.28644819	322.2203011	1.373028298	1	1	0
44.01626058	62.05626941	291.6131201	0.5260855924	-1	1	0
30.72946428	105.3479275	172.697996	1.159870078	1	1	0
30.88192483	68.59319206	299.9704869	1.077564141	1	1	0
34.13226655	113.1381377	170.3279122	1.150255802	1	1	0
119.8563128	109.0436958	295.6883765	0.2221028997	-1	1	0
18.92534578	96.55259537	297.6972575	0.8724419528	1	1	0
78.80731983	48.46961132	281.8301631	0.6255619092	-1	1	0
114.8994799	116.4360471	305.3387368	0.4048884885	-1	1	0
106.9670703	101.324423	296.7518119	0.219884965	1	1	0
36.31180953	47.12097667	274.5892343	0.6208760714	-1	1	0
118.7598046	4.287650187	293.107765	0.1259664579	-1	1	0
49.98044588	92.22545239	185.0031705	0.8798395288	-1	1	0
102.8048766	80.0999734	288.7132447	0.5318891838	-1	1	0
22.29931628	104.2635116	313.3308931	0.03334279746	-1	1	0
35.62560276	61.65943147	304.4290456	1.25984523	1	1	0
21.67266863	67.93306098	176.0268013	1.431211324	1	1	0
26.88828933	61.09504695	55.54316256	0.8863159294	-1	1	0
82.89197149	56.03682931	274.5161627	0.5326837382	-1	1	0
8.043846951	73.99230956	210.0422705	0.8712995205	-1	1	0
63.73058864	2.92755526	159.4390212	0.976931457	1	1	0
9.817930592	95.52267897	301.0755021	0.1284523439	-1	1	0
4.791872854	102.2607101	298.1100944	0.5945907686	1	1	0
28.62468641	0.001617464198	164.6087742	0.9619783959	1	1	0
89.17859145	87.09606016	310.6145825	0.4428102817	1	1	0
79.33265143	33.24156995	256.3052063	0.6256279522	-1	1	0
34.69446031	76.41962972	311.9731659	0.6118280665	1	1	0
14.58157945	52.50577034	56.87901985	0.7267974778	-1	1	0
6.042492236	87.75204518	201.7602718	1.432077627	-1	1	0
47.46881714	69.67107642	178.4217553	1.456717066	1	1	0
111.9040741	80.04643477	308.4260682	0.5996231328	-1	1	0
63.3732495	85.49188661	214.6325075	0.2353445366	1	1	0
9.720798576	59.23174929	173.8810246	1.471667327	1	1	0
84.17360048	26.01292219	270.7720535	0.4446030265	-1	1	0
3.195555308	116.6992663	176.3081551	1.24331955	1	1	0
0.8259912018	94.72782447	309.8443181	0.1268775176	-1	1	0
78.30299369	63.0574328	311.0940242	0.9033460233	1	1	0
27.60944483	46.76025933	289.4082893	0.6208191738	-1	1	0
20.55848409	82.21920424	316.8973433	0.0325951384	1	1	0
19.32959887	45.69872541	313.4388443	1.478755152	1	1	0
87.21931042	48.63690058	200.3047576	1.278217089	1	1	0
102.639463	94.18419475	307.7923574	0.3222464392	-1	1	0
116.8911401	19.141584	302.0884822	0.1117337564	-1	1	0
71.43723335	17.92245921	127.5925963	0.07227936667	1	1	0
64.73705018	70.55714086	168.6753144	1.366392371	-1	1	0
87.63580987	33.73290223	348.8447304	0.06411984886	1	1	0
71.03707628	33.05113167	229.604408	0.6310817487	1	1	0
44.79001815	99.34794421	198.3174366	0.9723773473	-1	1	0
44.80477623	46.73204056	312.3734799	1.464852295	1	1	0
13.58600617	103.0324086	302.3988258	0.1282284548	-1	1	0
16.90933586	74.76426752	193.0372058	0.6851732662	-1	1	0
8.503261323	109.9076387	309.0075836	0.03630094994	-1	1	0
15.3624141	88.94545874	312.9037475	0.2187623175	-1	1	0
107.1181788	72.54285417	302.6126633	0.5286847063	-1	1	0
70.17776074	100.7137796	176.4657718	1.349549364	1	1	0
68.95754034	115.8590687	175.1453467	1.166334865	1	1	0
11.67076068	81.4579027	299.8606561	0.3119744459	1	1	0
71.95255261	85.74161944	276.6685203	0.2554246359	-1	1	0
53.19821171	99.82240985	188.3001815	0.04216932204	1	1	0
73.47947177	70.89274676	285.0652705	0.06340041699	-1	1	0
54.99909904	85.05778104	170.9651395	0.8932375739	-1	1	0
65.08741719	107.9154625	160.0072774	1.350669847	1	1	0
58.0125137	40.61957165	79.40678302	1.285836571	1	1	0
32.36238712	39.82064227	188.6075929	1.365365251	1	1	0
107.4844489	87.13970676	313.419797	0.1347998936	1	1	0
73.36048487	108.5897935	189.9899277	0.7915056084	-1	1	0
96.41473264	8.972507057	317.9699844	0.4035339989	1	1	0
66.51473353	40.6814993	151.516625	1.004261725	-1	1	0
39.17788776	69.31684869	305.6409759	0.7123636672	-1	1	0
111.6785093	25.60191821	295.8963047	0.7639425611	1	1	0
15.4833861	5.728495701	298.8080892	0.03047344062	-1	1	0
91.66136078	41.33239264	268.3047519	0.6265852075	-1	1	0
75.82490649	25.60897141	215.7476429	1.189669468	1	1	0
12.97712375	67.2025329	163.2421473	1.432719167	1	1	0
36.33762613	98.45042639	158.0612598	1.43869663	1	1	0
66.52980614	10.96280443	4.793640524	1.349114686	-1	1	0
62.1086682	48.06654735	168.8481605	1.0045652	-1	1	0
65.80190061	55.60596415	300.295122	1.375224625	1	1	0
11.69454838	117.8438608	312.8352319	0.03265178056	-1	1	0
49.54456221	39.67677332	273.8579083	0.4466760335	-1	1	0
97.85487151	115.3429096	292.0604471	0.217722655	1	1	0
10.27474173	12.60182026	309.1864522	0.1253684499	-1	1	0
106.6531434	115.5071406	307.1873103	0.0314407483	1	1	0
48.8969904	54.85433509	275.7211616	0.3478662438	-1	1	0
68.60873419	78.0359817	194.6132959	0.9994485673	1	1	0
57.2372188	54.81585677	313.7057371	1.378469132	1	1	0
52.41029011	62.41226136	194.5632109	0.9912866026	1	1	0
22.86609091	53.67714499	299.0938009	1.377777044	1	1	0
