120	120
65.31464452	110.2373506	235.2451516	0.2557639482	1	1	0
93.57474497	80.37612437	343.7373454	1.198707887	-1	1	0
46.81203265	77.2390296	216.2813833	0.4067737262	1	1	0
82.88337416	45.15742711	81.93685056	0.538830366	-1	1	0
99.41470721	86.82494961	243.8346771	0.3597714746	1	1	0
110.300688	77.4666486	106.6252702	1.013995494	1	1	0
59.28220403	3.869303162	93.17480331	0.9131098857	-1	1	0
22.14285372	57.2454391	58.20245584	1.171662305	-1	1	0
54.04685103	17.12123167	224.3962033	0.3472889706	-1	1	0
94.20105104	57.79854969	118.8305401	1.199641181	1	1	0
72.06818589	105.4327728	73.46175591	1.000348432	-1	1	0
91.69140904	66.02418358	213.9562161	0.2684072544	-1	1	0
13.43627925	36.6329417	305.7747898	0.6718636702	-1	1	0
93.62098982	13.49303793	175.8421372	0.269692287	-1	1	0
71.27183153	32.80180572	256.9001266	0.8174301932	1	1	0
46.68663678	56.85690036	194.2327862	0.5877954	1	1	0
105.0946039	70.9009212	340.6010484	0.5491114716	-1	1	0
18.4434038	88.14053011	83.23872148	1.17317816	-1	1	0
118.6763149	76.02375437	214.264977	0.2714116674	-1	1	0
22.08898257	12.55614909	302.7597017	0.8478035488	-1	1	0
33.42092231	87.56304162	74.31858755	1.153309454	-1	1	0
97.05170952	49.89808321	80.30596213	0.4573441339	-1	1	0
33.3319733	47.3165024	160.0282866	0.02174007874	-1	1	0
13.65802763	58.92959857	68.19376754	0.8928047366	-1	1	0
38.66282913	54.37114856	77.13422541	1.419206586	-1	1	0
96.86816482	72.70914025	121.6507097	0.6400422667	1	1	0
1.526547143	90.82461967	140.3603121	0.7057819994	1	1	0
13.68225141	13.77509793	22.7704119	1.412119452	1	1	0
119.4215757	31.37079178	38.38561457	1.398947933	1	1	0
30.69703227	33.21048965	286.2951451	0.8573518536	-1	1	0
93.94134497	35.93804547	314.1963673	0.365970665	-1	1	0
90.42332778	21.15239714	30.90886767	1.089244342	1	1	0
44.71078139	5.283691988	73.43861391	0.8992457607	1	1	0
51.40504175	0.1195213665	84.97312082	0.999498583	-1	1	0
85.60287608	37.18142309	257.5219079	1.000247449	1	1	0
36.40097654	39.38988008	186.2193431	0.2990725187	1	1	0
116.5826753	61.66741941	94.78165387	0.5502977821	-1	1	0
81.26231547	112.3817581	130.3290438	0.7172503471	-1	1	0
3.719997328	104.9559906	17.25669667	0.3296454246	1	1	0
26.21601884	92.57113781	60.79617078	1.246929993	-1	1	0
99.75936154	42.00426422	258.9337349	1.203214408	1	1	0
58.57423976	115.2149178	75.48260869	1.181980607	-1	1	0
102.1378475	11.72110613	31.49229772	1.110893892	1	1	0
57.81888844	106.3465366	191.951615	0.4406129574	-1	1	0
88.54701884	51.76031907	95.43283719	0.4615353669	-1	1	0
96.0363307	5.516278011	18.48328833	1.017766042	1	1	0
4.429916064	82.94017738	202.1929356	0.2416484854	-1	1	0
5.072216089	60.2916794	81.30625522	0.6542681734	-1	1	0
7.574979242	7.491351775	296.3212397	0.01435505412	1	1	0
30.31924757	55.0827876	42.16321464	0.7667332595	1	1	0
111.021808	32.64300231	287.0706874	0.6635390301	-1	1	0
50.31996078	102.654182	97.214475	0.148203616	1	1	0
31.7014945	22.41373393	231.8686315	1.238667674	-1	1	0
18.79215493	96.67304337	117.806558	0.6105749597	1	1	0
116.1110859	83.96994307	123.8886558	0.8921772115	1	1	0
102.1651918	79.1000031	355.5862943	1.012355076	-1	1	0
10.43946587	66.673035	137.9392242	1.398552712	1	1	0
41.39186086	90.51853633	98.34810652	0.03441935968	1	1	0
38.71613004	17.70159114	75.12463759	0.8984937976	1	1	0
25.78937413	84.27709626	351.2525426	0.4996342559	1	1	0
34.13377775	95.92608286	220.9788056	1.265961268	1	1	0
52.17222955	63.3102459	288.3443041	1.243301152	-1	1	0
70.13797416	10.3073516	25.80578539	1.188403541	1	1	0
68.99094379	40.81860022	74.88167719	0.07250989058	-1	1	0
61.57903727	75.64278021	230.0327529	0.681014642	1	1	0
5.372061709	15.52903604	294.0296253	0.6665438541	-1	1	0
7.973376652	52.47578365	261.263523	1.234883768	1	1	0
2.179642211	23.40676652	297.102372	0.6627657087	-1	1	0
35.35479692	104.5983285	218.1470223	1.265795815	1	1	0
119.4370228	9.132035714	279.6372447	0.7593540079	-1	1	0
36.70904763	1.314735437	81.6463106	0.8061321535	1	1	0
28.31469318	109.0937173	54.44981667	0.4284890839	-1	1	0
118.3693465	98.50064594	324.3195853	1.35413237	-1	1	0
24.85408575	27.10448381	297.5146743	0.1212438214	1	1	0
38.99476614	26.43511208	62.87510401	0.8044241769	1	1	0
28.9544552	117.3799201	95.62963592	0.899696924	1	1	0
2.368799478	46.08807526	316.0579592	0.4869653708	-1	1	0
88.2371931	73.79679369	137.9409034	0.7325921356	1	1	0
40.28445994	82.29276394	88.30950018	1.059654719	-1	1	0
87.61256969	7.697454974	30.95513352	1.111068125	1	1	0
99.8358015	64.42512704	103.3517496	1.014878859	1	1	0
73.52517794	2.651102072	77.83517693	1.486272361	-1	1	0
116.783202	39.28792946	300.2045074	0.5791450288	-1	1	0
73.66925203	24.90782231	295.8681111	0.1647979138	-1	1	0
108.1447463	40.96945261	314.9138169	0.4881004919	-1	1	0
84.38503593	15.34482306	175.858311	0.2759518421	-1	1	0
6.911909751	97.14161489	336.1972801	1.264481512	-1	1	0
66.01096913	119.0106267	218.0422332	0.3437305081	1	1	0
73.0604073	114.0756361	226.3910276	0.2518053959	1	1	0
48.966552	94.37561836	89.17698445	1.45060338	-1	1	0
48.24700113	85.61700903	75.22680438	1.240434968	-1	1	0
63.7538568	92.55904556	231.9117051	0.5880930487	1	1	0
113.3266817	69.41815414	116.0003183	1.2013612	1	1	0
46.13547424	22.01127426	213.1496266	0.2458889685	-1	1	0
53.51172204	72.21068595	309.1137017	1.152546018	-1	1	0
88.24739146	29.20870509	299.0590114	0.3456429349	-1	1	0
7.170425972	74.57602844	206.9011329	0.363545093	-1	1	0
27.79425248	40.96660876	173.621467	0.1126475911	1	1	0
62.43392884	84.29982385	311.8763937	1.23960008	-1	1	0
43.87055833	116.2927599	97.02725032	0.7129618521	1	1	0
10.92459352	21.92136556	30.99748544	1.415065462	1	1	0
113.5903217	24.65398746	284.5167361	0.7557625393	-1	1	0
45.96706257	13.51293648	209.0102262	0.3378327218	-1	1	0
78.94054551	8.990971745	39.43901764	1.113788316	1	1	0
39.26155386	73.67520752	74.23108371	1.151690623	-1	1	0
67.26639026	18.16646327	176.2843325	0.7226794012	-1	1	0
79.69736933	31.28436272	312.1460343	0.1641054253	-1	1	0
16.3811925	28.56907351	291.0789683	0.01805143699	1	1	0
96.5574976	27.96782799	23.50953808	1.183765125	1	1	0
105.3145592	48.78224053	243.9118868	1.202386512	1	1	0
24.73261534	48.89359381	172.9297955	0.02175042588	-1	1	0
81.90757745	23.28406342	19.33013329	1.002119711	1	1	0
77.12821929	39.17597881	243.5456763	0.7244465402	1	1	0
107.8179155	18.17830015	294.5395589	0.662635998	-1	1	0
41.66823714	46.59193876	168.1235894	0.5801875542	1	1	0
108.2646565	62.71486155	117.8311164	1.201918303	1	1	0
80.38748219	53.28381041	262.5547085	0.0941716847	1	1	0
102.5643313	56.63988959	94.81772748	0.3642986438	-1	1	0
113.9146697	47.07522637	259.2253474	1.29593159	1	1	0
19.28090003	42.63482686	261.9400744	1.41688961	1	1	0
10.98648378	44.7362568	302.2771308	0.5801577651	-1	1	0
89.92495757	119.6807274	300.6770127	0.3664837162	-1	1	0
10.15837887	89.5660516	130.1969735	0.5203459747	1	1	0
61.28455564	12.12759065	38.37068384	1.285619935	1	1	0
90.88946036	88.30936618	254.6929761	0.4516363634	1	1	0
116.6345511	16.98559243	178.6355238	0.01099707374	1	1	0
105.2867916	26.18786771	39.41843348	1.292985133	1	1	0
19.44162251	20.42992418	294.5644706	0.02429884571	1	1	0
5.066930357	38.12916405	22.03466219	1.231200404	1	1	0
1.876395461	68.05993595	125.3680994	1.29454748	1	1	0
57.12159928	97.55130715	75.03617739	1.449033226	-1	1	0
55.6514566	89.25549729	216.8418085	0.4951425548	1	1	0
29.58328432	5.707331055	94.71469321	1.458032296	-1	1	0
91.18335205	43.86477701	242.7955491	1.097462084	1	1	0
51.16328802	111.3645048	112.435322	0.2501937118	1	1	0
22.06873724	34.92308155	298.6483204	0.7637181496	-1	1	0
32.7264814	79.09865397	337.3092727	0.4065207946	1	1	0
7.935926544	29.93085151	29.55236843	1.396550934	1	1	0
111.0863147	54.88761928	80.95336975	0.5506443494	-1	1	0
43.5051716	107.8999176	59.72080641	0.1526225309	-1	1	0
52.80507165	8.897707023	61.35774622	1.185497283	1	1	0
45.82083497	68.5930314	230.3390546	0.4988719178	1	1	0
30.35597866	14.12219373	315.7849742	0.2473106457	1	1	0
12.25623906	103.5606273	6.220732931	0.1484012997	1	1	0
37.47430814	9.481060245	207.8162682	0.06080543355	-1	1	0
74.17249532	47.46850236	261.0740267	0.2811260054	1	1	0
81.69341737	0.7394543931	23.83671518	1.180580997	1	1	0
27.21031461	100.8574622	230.3424219	1.359147966	1	1	0
42.0883664	99.33355915	217.560977	1.265804752	1	1	0
99.31796055	19.72178575	32.59645152	1.200421659	1	1	0
102.4940912	34.09216482	298.9928966	0.4878867174	-1	1	0
107.8602186	85.61248083	340.8526915	1.197961392	-1	1	0
54.78797601	80.58668748	229.963376	0.5882358404	1	1	0
112.7558098	92.38898857	149.7698817	0.7051923539	1	1	0
20.34339113	105.4277925	40.34840234	0.6142207025	-1	1	0
75.78191161	16.88171384	34.74183169	1.095695787	1	1	0
16.58855224	50.95112549	274.9701318	1.233868819	1	1	0
119.3656603	53.88778722	246.0579492	1.202698503	1	1	0
36.2113981	112.9545515	71.57296333	0.2439240662	-1	1	0
64.59608351	101.383771	220.7700699	0.4948188771	1	1	0
