120	120
42.95943122	46.2310594	320.3306064	0.4674307596	1	1	0
90.16844906	71.37007722	115.8257249	0.7529712532	-1	1	0
57.54016056	1.844010556	227.4555027	0.8922676719	-1	1	0
34.26233868	48.28585643	75.94712133	1.2996005	1	1	0
50.27327729	22.02164847	240.9568557	1.385077623	-1	1	0
118.6646092	33.17142231	241.8424458	0.4754195251	-1	1	0
47.86826797	30.02462498	205.3207591	1.39655338	1	1	0
64.05620886	108.3056336	217.5993239	0.9969475177	-1	1	0
98.38774209	83.23214335	304.4546453	0.09932443691	1	1	0
58.05524772	10.15567343	179.6098342	0.8187380723	1	1	0
9.58460324	85.2797387	314.4934695	0.2577133492	1	1	0
113.4910842	90.73149685	233.1896635	0.8505926044	-1	1	0
0.9831073648	57.35615044	196.343251	0.7709990412	1	1	0
116.6745013	73.86342909	269.1981836	1.21131274	-1	1	0
111.0293247	36.67963307	189.874598	1.128289135	1	1	0
78.71721262	107.1399241	298.1034692	0.07476404072	1	1	0
16.35644848	29.31129195	272.5403262	0.3757587794	-1	1	0
32.5948336	3.373027717	60.91369819	0.4176122357	1	1	0
70.88595044	103.4802427	311.9376527	0.2638567438	1	1	0
40.96689957	1.581468146	155.6549746	1.25540571	-1	1	0
24.12852648	5.648848925	76.0051644	0.494817987	1	1	0
96.14545035	10.59960663	131.7106612	0.9927856761	-1	1	0
106.7374975	95.54985738	296.4328419	0.009089583718	1	1	0
56.74626776	104.4814157	78.59493779	0.1517889189	1	1	0
77.1660547	90.14622781	128.1064163	0.5601229164	-1	1	0
13.32998151	37.0400163	71.99129304	1.145541129	1	1	0
118.9568	6.649734088	40.4265798	1.306344839	1	1	0
45.3410978	38.08742217	237.3432776	0.09240101113	-1	1	0
48.61637014	52.43326743	256.6307356	0.006822268252	-1	1	0
63.43581158	99.6519508	230.4511299	0.9056224544	-1	1	0
3.632367559	47.84748987	190.2033366	1.423251676	1	1	0
71.92172962	111.9068743	231.4848059	0.9031630701	-1	1	0
69.15117268	61.95703971	329.5383059	1.122928468	1	1	0
13.33013459	68.75216553	257.0836964	1.194292413	-1	1	0
104.2555166	23.3577484	184.0402802	1.406790239	1	1	0
42.15200771	75.40664098	98.74833521	0.265083684	1	1	0
93.70701481	105.7527192	297.6668812	0.009136706897	1	1	0
73.74584022	16.77205135	318.1565207	0.251226253	1	1	0
117.2634786	42.26955275	231.3570565	0.4922696767	-1	1	0
49.89497811	99.89276616	227.8097598	0.7060837353	-1	1	0
19.12908996	74.79729987	78.40635856	0.2662143548	1	1	0
24.88140186	27.93908154	81.94572664	0.1894381908	1	1	0
5.796445771	20.21891181	356.5971403	0.747467485	-1	1	0
103.6434018	6.564631179	301.7104723	0.1532987172	1	1	0
88.83387307	15.43806767	118.1407215	0.9928870931	-1	1	0
75.35327763	72.84328816	260.9187227	1.223803392	1	1	0
56.87153406	113.2696785	230.0630163	0.8170919795	-1	1	0
34.77645135	115.4684309	171.334932	1.25527316	-1	1	0
27.61849191	72.48356964	100.3005521	0.266491328	1	1	0
15.98481342	91.23991887	330.1101732	0.3409805323	1	1	0
12.99364844	15.99340288	74.56915053	0.125874946	1	1	0
105.5701092	78.32166151	307.6650657	0.099183914	1	1	0
99.22124727	91.78895219	357.4326145	0.7535761854	-1	1	0
8.870159582	54.53948072	254.3468224	1.144456922	-1	1	0
29.20872453	64.1865704	115.8840348	0.7327296755	-1	1	0
28.42860055	41.83124107	60.16282679	1.290474792	1	1	0
115.8554559	50.95703577	246.164377	0.3986211362	-1	1	0
95.97679743	2.238740327	287.8339576	0.1531067076	1	1	0
1.385411849	88.16864214	327.9949799	0.3505495124	1	1	0
102.1020193	67.3026638	161.2869442	0.08434022664	-1	1	0
38.7383283	9.533608921	76.66013114	0.4767644195	1	1	0
62.76980249	56.51653008	230.5969046	0.2846323044	-1	1	0
80.5593417	3.773604129	244.2876229	0.8093721919	-1	1	0
87.67167972	118.9411355	246.8668315	0.8067034141	-1	1	0
97.84062655	74.59963256	310.9413492	0.09904863359	1	1	0
41.54458995	24.00546441	359.8415559	0.006439994572	-1	1	0
118.8548141	15.66918274	47.26384984	1.400133043	1	1	0
30.96576084	33.78173259	137.6296812	1.114374322	-1	1	0
25.67608081	80.90029613	99.05917433	0.2666894566	1	1	0
91.31763674	88.1275106	5.873966897	0.7527884542	-1	1	0
70.15205887	94.69271221	294.0505404	0.4469200951	1	1	0
60.8236191	64.55869704	316.5959102	1.030004713	1	1	0
84.83001186	93.39111139	296.9482058	0.001133631931	1	1	0
96.83953169	27.2428189	351.4453087	0.8990971098	-1	1	0
27.82308439	19.64798772	22.47648682	1.151795148	-1	1	0
31.38566716	56.1779442	76.68379492	1.291925266	1	1	0
11.57958338	45.20275158	251.384525	0.4475605527	-1	1	0
19.43888873	21.53510537	78.65290836	0.188186567	1	1	0
26.33407374	117.5707929	156.317335	1.325774523	-1	1	0
21.28908446	66.32558188	91.03110901	0.2668496778	1	1	0
86.71670424	110.296818	237.5456919	0.8126238965	-1	1	0
56.59149724	94.95648876	78.60336894	0.06751664718	1	1	0
14.85953853	60.39048135	75.32968967	0.4460189487	1	1	0
83.54352428	84.6902184	20.8664496	1.409517683	1	1	0
30.30520826	11.3840205	29.91943239	1.146619497	-1	1	0
39.20812992	32.27356655	83.54034336	0.1835106904	1	1	0
7.865641888	93.39974836	129.9493737	1.095449796	-1	1	0
19.87268516	43.88958551	75.49478723	0.9131986216	1	1	0
56.72941379	50.71125693	197.7905055	0.8441492674	1	1	0
5.217559427	39.19495349	238.9271319	0.4908301185	-1	1	0
36.87420325	40.30227688	153.2110633	1.486751469	-1	1	0
4.93681429	71.78602982	190.4318729	0.3646029807	1	1	0
34.04484073	78.49559087	109.1312289	0.2665418626	1	1	0
118.8657469	65.83393232	182.1064873	0.5505753338	1	1	0
111.3061496	11.09204787	58.30153926	1.461094528	1	1	0
73.17401887	8.491931756	233.0564131	0.9026014943	-1	1	0
94.6484389	113.9989948	249.694221	0.7543621339	-1	1	0
28.97956881	109.5982512	300.3379289	0.5102936127	1	1	0
108.003035	103.9552412	359.6654105	0.6619370899	-1	1	0
44.59882454	15.96591104	91.84378246	0.5684599842	1	1	0
49.18132089	119.3964563	194.1199451	0.6040612229	1	1	0
88.5593089	7.193659631	297.1471293	0.2479550554	1	1	0
25.80449918	49.82967601	135.4302075	0.4524512053	-1	1	0
82.98022272	76.38429546	130.7779181	0.6649488505	-1	1	0
65.87392686	13.5661714	215.3642798	0.7222287525	-1	1	0
16.73908266	51.89851494	84.44138071	0.7253981516	1	1	0
58.3583171	18.52518074	231.9216024	1.198604756	-1	1	0
96.51747368	18.94877292	63.59212045	0.1546995802	1	1	0
46.98173926	7.916774934	142.5023054	1.315744019	-1	1	0
64.7005704	116.5784792	191.5552529	0.342999552	1	1	0
21.71587858	13.53890462	16.95153574	1.152204885	-1	1	0
8.075829143	3.387068593	72.5215393	0.3749190977	1	1	0
11.22502135	77.14379266	269.4061481	1.015415992	-1	1	0
81.11076462	12.13583951	309.0619162	0.2500309423	1	1	0
106.05164	86.90821067	310.5373926	0.102190009	1	1	0
33.36650263	25.88834123	95.97836985	0.376766279	1	1	0
49.58741483	108.6814624	238.4478199	0.7239329255	-1	1	0
46.05777765	60.23648057	80.10358981	0.9378711899	1	1	0
92.35549871	97.0657392	356.1359678	0.7540021591	-1	1	0
37.1206004	107.151927	257.2668229	0.0442470836	-1	1	0
110.4515368	68.22111567	193.1607617	0.6441894198	1	1	0
5.988959312	11.42404134	12.22352035	0.7482481196	-1	1	0
2.982665209	79.92811192	255.8747012	1.118191323	-1	1	0
103.254561	40.15659757	106.4763138	0.66205635	-1	1	0
65.38063578	5.152936922	193.6344187	0.4278838498	1	1	0
78.13282549	98.84412102	112.9658951	0.5404779976	-1	1	0
103.8122259	14.91937389	117.9484107	1.178580758	-1	1	0
75.80298768	81.43118165	144.8106729	0.5721694247	-1	1	0
103.7449738	31.97128301	200.4707565	1.406988985	1	1	0
42.75739217	113.3817811	179.3492409	0.6037877754	1	1	0
7.003809306	63.06952635	267.2550131	1.236506743	-1	1	0
101.835748	109.7980654	289.5309573	0.1026147742	1	1	0
37.69743441	62.2553337	88.30734079	1.121183915	1	1	0
35.51188727	70.26241527	106.1038803	0.7325644489	-1	1	0
82.50709961	67.98179386	271.7538517	1.313695782	1	1	0
40.06379849	54.22094339	241.278013	0.09563401178	-1	1	0
111.1068853	2.764187354	242.0238718	0.8048374666	-1	1	0
22.91995647	58.0247193	128.7154595	0.6378404792	-1	1	0
79.85758969	115.3611778	244.4827917	0.810441684	-1	1	0
103.2457281	118.1803429	253.2832227	0.8476432606	-1	1	0
111.1762454	28.20486431	224.9886025	0.5685960794	-1	1	0
111.5876964	19.467731	237.3260511	0.4755352469	-1	1	0
85.78734647	102.0545743	310.7860837	0.05469929141	1	1	0
51.41579016	44.20776361	243.1889691	0.09647797623	-1	1	0
7.253714268	30.83941674	247.590308	0.4753774086	-1	1	0
22.29284369	35.93035916	156.9135238	1.471963813	-1	1	0
41.54866152	100.1318041	108.2424399	1.078771026	1	1	0
109.4730384	45.65393088	212.5042211	0.02756121189	1	1	0
15.12950635	7.949637377	15.87535374	1.057428571	-1	1	0
36.07746976	17.62351055	82.22750364	0.477328557	1	1	0
100.178934	100.6366065	6.559218271	0.6609893104	-1	1	0
113.0212663	59.87036868	149.5754896	1.481962329	-1	1	0
54.37822384	59.08237465	244.1028127	0.1940510386	-1	1	0
118.667626	24.57019799	61.81363077	1.399413913	1	1	0
89.23856993	23.78626235	77.45403511	0.2478427858	1	1	0
17.6091469	83.05459004	253.4600815	1.015413522	-1	1	0
72.68242689	0.2092449977	178.7618653	0.2506172132	1	1	0
90.65786398	79.68289291	296.6052085	0.008483776217	1	1	0
67.16334753	70.21908222	108.528423	0.5645868421	-1	1	0
114.7731635	98.98719842	309.7349488	0.1028125686	1	1	0
