120	120
86.4075876	38.49209825	95.74998726	1.111627772	1	1	0
70.82586948	116.5630696	325.0491446	1.379346145	1	1	0
102.1963827	29.10519486	81.6494207	1.012346387	-1	1	0
41.91908568	7.614244136	56.76475317	0.06212449739	-1	1	0
8.411769447	14.18891139	14.63538067	0.8256050507	-1	1	0
87.40735344	21.50328768	70.99245407	0.8238395306	-1	1	0
49.29110845	2.762020743	72.95743238	0.3445931842	-1	1	0
41.98852018	80.4659121	14.08704505	1.223950513	-1	1	0
11.44186928	6.298422535	228.027183	0.4531017717	1	1	0
74.39734238	73.71576594	351.7802284	0.353753403	1	1	0
100.9805173	3.600937865	35.03672225	0.3572018923	-1	1	0
34.05541884	10.4226141	243.7482712	0.4866529773	1	1	0
64.41655878	9.796471392	70.6018308	0.8181873122	-1	1	0
29.48549482	88.52496114	12.1097883	1.410137434	-1	1	0
32.74507313	32.84800982	19.08933505	0.7653394474	-1	1	0
61.71783042	95.93398504	358.9183222	0.07596076329	1	1	0
56.98475473	14.80163492	91.23515302	1.186665542	-1	1	0
16.7935611	96.14678527	96.20646408	0.5839843748	1	1	0
4.56476195	104.5374235	20.39390858	0.3314987078	-1	1	0
11.30324277	28.83602695	86.32173123	0.1057795838	1	1	0
70.32444968	108.1790777	190.4537012	0.6363731169	-1	1	0
66.40307665	70.28333203	337.1744502	0.2594639432	1	1	0
33.93055603	95.77055748	21.57701458	1.363750458	-1	1	0
47.73774028	105.5441297	342.144244	1.473547699	1	1	0
28.84959178	73.65858342	330.5287651	0.40879729	1	1	0
98.97470281	88.47491358	77.98589091	0.502055037	-1	1	0
93.07707758	102.6048534	238.2666384	0.03845847029	1	1	0
119.4925262	97.73515694	69.85618151	0.7052659775	1	1	0
20.30466319	74.62876055	147.8435506	1.240952522	-1	1	0
116.4897339	28.80435629	202.161582	1.005628467	-1	1	0
44.44508123	23.60950863	2.345935065	0.02082824119	1	1	0
100.2864185	106.8211557	61.30914518	0.8182070661	-1	1	0
116.2616801	105.7936499	82.43986104	0.8907552251	1	1	0
79.71661609	51.38931606	335.3599022	0.9267020614	1	1	0
72.45474785	22.11346284	74.41235843	0.8215046688	-1	1	0
2.607555786	7.378143656	356.9477873	0.3310004138	-1	1	0
55.50307665	108.8635218	337.9528996	1.380568683	1	1	0
39.59313765	16.75282959	344.6899781	0.9536240157	-1	1	0
49.33081491	30.42324264	126.2740729	0.484626486	-1	1	0
6.908051903	82.62033202	309.7581851	0.6927533523	1	1	0
40.93214367	110.6466959	62.2618533	0.7156554413	-1	1	0
64.79111236	53.61746418	207.3312986	0.7841973533	-1	1	0
37.6416771	73.3365683	343.5685717	0.4811748052	1	1	0
4.160106406	24.49101276	216.2971757	0.9438936983	-1	1	0
99.80496131	115.1826398	105.808965	1.47029565	1	1	0
111.0057629	99.11335983	142.7682456	0.1343298474	-1	1	0
33.28807194	80.70173703	25.58311244	1.224347773	-1	1	0
109.2769035	33.48668565	222.0099936	0.267232298	1	1	0
118.5103965	83.40710771	58.64939955	1.438604069	-1	1	0
92.75584417	93.89439763	320.936097	1.340490134	1	1	0
94.2724977	41.95901265	80.94630411	1.299118798	-1	1	0
47.11418585	87.12174877	108.0517665	0.5511542855	1	1	0
1.078142257	112.616976	6.756265016	0.1458564057	-1	1	0
16.0783403	81.88722265	330.1614113	0.4955993769	1	1	0
18.01607807	110.895668	112.7543079	0.5110662376	1	1	0
87.25990564	30.10168538	77.3024809	0.7306710659	-1	1	0
116.5179551	37.56966743	217.4200749	0.9134869172	-1	1	0
57.69587417	58.38926135	207.7032758	0.8763442426	-1	1	0
85.99649929	4.596681147	218.8425406	1.377587463	1	1	0
20.79094043	88.84075947	23.67954163	1.422084019	-1	1	0
113.7649049	76.6602616	71.80823347	0.6936917853	1	1	0
101.8107432	54.98092761	202.3782103	0.5532637139	1	1	0
106.399059	91.95740395	311.2270593	1.064498089	1	1	0
36.06244863	65.08318402	154.137256	0.003284906494	-1	1	0
17.04415422	12.69094792	359.7563208	1.004758548	-1	1	0
53.54817041	81.73477008	303.0955785	1.096647695	-1	1	0
109.2887473	24.7867082	236.8279571	0.2659614377	1	1	0
94.78710747	59.46907633	113.4285089	1.298305868	-1	1	0
46.09592572	38.46019562	136.8508868	0.2983497201	-1	1	0
61.34977995	84.43805297	333.1187606	0.3516607179	1	1	0
109.2628668	42.18776751	207.3474264	0.274942611	1	1	0
71.92903122	13.7302171	117.6536409	0.1696048626	1	1	0
54.7027421	100.5037736	174.1818599	0.8183530232	-1	1	0
92.60250233	111.0560051	75.20097108	0.8197088517	-1	1	0
87.04658097	46.89178746	90.03386594	1.485433237	-1	1	0
37.99924886	87.63024576	104.0466385	0.4691809989	1	1	0
25.43308447	95.76457435	107.3803033	0.6704847323	1	1	0
55.97171266	117.6700338	329.6781483	1.280389984	1	1	0
58.39051185	67.3051917	195.5439067	0.967751049	-1	1	0
102.2394338	20.40415447	69.06636985	1.013311517	-1	1	0
55.27834738	90.38573045	319.6779925	1.007221259	-1	1	0
44.18198018	68.06512087	68.06994138	1.307091224	-1	1	0
114.6572161	91.11146738	157.8653598	0.04116944224	-1	1	0
48.43205591	75.19450118	289.1981011	0.5620758932	1	1	0
67.38953269	78.52492189	68.54747499	1.004603621	-1	1	0
71.90703079	48.38627777	191.0425796	0.601001782	-1	1	0
94.61147081	50.76975189	97.11551227	1.391381104	-1	1	0
56.72645979	6.437967173	319.2244734	1.186450984	1	1	0
94.91585912	33.51777184	348.0457782	0.2675385288	1	1	0
23.42501925	117.2261885	223.8052974	1.349309757	-1	1	0
86.86413513	13.15390951	222.1994909	1.470932528	1	1	0
92.88994422	119.9006647	54.694645	0.7255553859	-1	1	0
48.46201507	46.62493179	350.3482857	0.5066613335	1	1	0
38.72776539	102.5389409	107.6844293	0.4335778316	1	1	0
116.8695106	20.43471574	224.0482768	0.1722445808	1	1	0
9.442138034	111.8532476	106.094254	0.3314464417	1	1	0
20.12276882	4.94840116	242.3953047	0.453634517	1	1	0
94.57217081	16.50623925	57.50264353	1.013608687	-1	1	0
28.75347443	3.524747833	257.6625943	0.5255529297	1	1	0
41.00280621	31.70118215	87.1020788	1.417460535	1	1	0
49.71909448	54.92321823	192.4246401	0.8792649871	-1	1	0
94.98056536	24.91630021	357.1381059	0.2674927405	1	1	0
79.95560686	25.8328255	359.3143691	0.1681807698	1	1	0
14.78409385	118.5933151	240.7761177	1.384166672	-1	1	0
63.12956425	112.8386299	329.2007048	1.295781196	1	1	0
62.61200093	104.3505096	186.5226009	0.6410068445	-1	1	0
12.06816791	89.38178933	35.15137799	1.438110027	-1	1	0
78.5766537	0.3402555592	69.86470438	0.8202173605	-1	1	0
69.65725714	99.50498083	181.8039012	0.5503967395	-1	1	0
85.77479088	98.62149382	199.8883655	0.6900717171	-1	1	0
6.113733167	119.7444795	353.8597288	0.1522341508	-1	1	0
42.79228932	59.80503322	114.6293531	0.4689095607	1	1	0
27.7942335	26.0681214	108.8675353	0.1134546655	1	1	0
79.05115544	9.104492319	59.01001298	0.9136729918	-1	1	0
71.4179984	5.142815089	71.59587604	0.8182336893	-1	1	0
77.70439553	103.0389222	178.0412562	0.2660747215	-1	1	0
3.651797458	33.00192791	98.44943136	0.1780503078	1	1	0
30.96149725	18.18007433	356.8453504	0.9522979154	-1	1	0
109.5630458	16.29008176	72.83700236	1.010419042	-1	1	0
59.49402039	75.73331425	349.6073504	0.3514909725	1	1	0
30.00189478	103.1657385	93.88486751	0.5241363959	1	1	0
50.98716778	63.27683015	99.93428182	0.3735914913	1	1	0
19.43545373	26.70535705	123.4992502	0.9498148006	-1	1	0
21.66593849	103.3301274	142.7531321	1.329374802	-1	1	0
85.5533998	115.6095705	238.8436736	0.354523742	1	1	0
41.67607496	119.2184898	95.98488305	1.088860894	1	1	0
2.297293605	75.58385382	144.801559	0.04057216618	-1	1	0
22.55069232	19.00090396	120.1314679	0.2603643825	1	1	0
63.69729422	1.377011099	327.1376753	1.280598354	1	1	0
34.69660804	56.59255463	160.879499	0.2571530449	-1	1	0
79.7558575	17.47487952	59.59074323	0.9146569294	-1	1	0
36.21027622	24.86712742	2.676531658	0.8591248774	-1	1	0
65.34282823	62.09864929	205.8480994	0.8779185218	-1	1	0
13.89964098	20.42779262	103.5922368	0.1672166181	1	1	0
79.23542812	43.05470597	177.6532722	0.2748370007	-1	1	0
56.61644753	50.09668718	335.5822696	0.3175129245	1	1	0
13.13348095	103.8160762	93.86573201	0.5028179935	1	1	0
100.2141354	97.98831943	78.76200529	0.6883006898	-1	1	0
101.7326902	12.11686063	119.5005802	0.4543519338	1	1	0
109.7250476	84.02707642	145.7463217	0.04166241017	-1	1	0
48.58857147	114.1018281	61.3326953	0.530851984	-1	1	0
93.9129373	8.185590551	132.6787624	0.1664779285	1	1	0
72.54082789	56.85768477	317.6246897	1.435984339	1	1	0
117.7533542	0.2787539676	341.6103835	0.8043004884	1	1	0
24.96784656	81.49407583	344.4858896	0.5019959882	1	1	0
42.6791621	94.84475279	97.97670323	0.4679850921	1	1	0
25.72544338	11.25491045	344.3926254	1.097129368	-1	1	0
8.13962357	96.93839609	83.60774259	0.5054537977	1	1	0
3.423054702	90.34339566	47.42724924	1.439102229	-1	1	0
63.973762	45.33344773	340.4255409	0.2269816792	1	1	0
80.39741402	59.8006543	209.5364123	1.299663621	-1	1	0
77.98476971	111.5241456	232.7269292	0.1704952644	1	1	0
73.34378369	65.38558086	193.8117746	1.020109311	-1	1	0
41.55477068	51.39539848	172.3912615	0.3490948898	-1	1	0
85.35650162	106.9109868	222.8915193	0.2661191176	1	1	0
49.33620449	11.35914043	335.7376855	0.8140239935	1	1	0
102.0871187	37.81956321	96.04756336	1.023795172	-1	1	0
101.5617064	46.16851541	218.5297835	0.4610389294	1	1	0
87.48345544	55.38056928	325.0449452	0.7397045933	1	1	0
101.8924711	63.78066137	187.2754687	0.546375347	1	1	0
