120	120
70.08608986	53.13323221	113.5758641	0.631953354	1	1	0
83.97337978	35.05225445	103.8144588	0.8206540457	1	1	0
34.32449131	22.77593762	213.1661973	0.2511469079	-1	1	0
66.00543212	77.90891503	105.1606165	0.6347390238	-1	1	0
67.21938571	112.4271904	110.4212599	0.9223790726	1	1	0
44.29095756	79.92500637	347.149675	0.2627841804	1	1	0
7.596715211	27.77938752	264.3710227	1.148165638	1	1	0
95.71843978	25.90301297	139.6933389	0.7329990936	1	1	0
67.35960778	69.60277907	334.2449606	0.2147132024	1	1	0
73.03106918	119.0376545	109.0532626	0.9183145068	1	1	0
107.8248964	38.64118744	226.5564385	0.02901479731	-1	1	0
79.19017472	88.45555994	105.5400301	1.084412443	-1	1	0
99.81096593	66.79837449	230.4460832	1.247227003	-1	1	0
80.44120274	80.14573333	333.5600406	0.2462031823	1	1	0
67.51280751	38.23824703	117.4759893	0.9125672193	1	1	0
109.443152	96.20329884	196.9612899	0.2157752304	-1	1	0
95.39106824	50.1856001	160.1052862	0.7143638937	1	1	0
101.3303718	106.6178146	99.96846454	0.7491405358	-1	1	0
3.546575928	87.17480235	73.66149859	0.03503481748	-1	1	0
52.94049974	67.44013073	224.3956959	1.385358136	-1	1	0
95.7073039	2.684966115	102.5087032	0.9205021244	1	1	0
67.73651505	15.45776749	113.5564718	1.015226322	1	1	0
49.63131084	93.77249647	106.7263735	0.6275891371	-1	1	0
47.56405126	4.788468528	96.01306099	0.5077323911	-1	1	0
4.18313641	95.85151398	331.7686207	0.8706673898	1	1	0
100.8541953	75.09044877	317.9215456	0.5952077748	1	1	0
90.51644821	19.05053559	342.4707874	1.012525109	-1	1	0
38.9971291	58.07712587	107.1276962	0.9323214464	-1	1	0
56.57460225	25.56861579	113.4606169	1.062697	1	1	0
61.95044589	9.336966984	96.04361498	0.1775220176	-1	1	0
100.0531029	35.72743852	154.764239	0.7603081351	1	1	0
116.2733964	83.13098439	324.0734235	0.7820933981	1	1	0
64.9712496	87.02648995	345.9527969	1.103815573	-1	1	0
76.20138857	13.77338317	113.0025204	0.9226705487	1	1	0
116.3081002	40.78706948	238.8904383	0.3093138468	-1	1	0
61.94692342	55.58457532	93.80516869	1.332673417	-1	1	0
98.25867662	114.4865103	107.3701612	1.033642081	1	1	0
37.59538394	74.9343976	105.1121916	1.007658837	-1	1	0
36.14149482	83.1840507	333.9840176	0.2628266507	1	1	0
84.93399376	12.39083874	108.444722	1.103501838	1	1	0
48.11262582	102.59159	91.97089317	0.1638536616	-1	1	0
59.20962161	114.8435525	337.2227018	0.2706898135	-1	1	0
0.2710697384	57.00209466	239.2402422	1.027732697	-1	1	0
101.9617853	92.72483932	333.9346726	0.7804293537	1	1	0
45.31160164	71.19011788	332.1161194	0.1747054304	1	1	0
38.08677736	66.44385392	325.2106733	0.09472103341	1	1	0
56.08235135	99.51324538	94.79633136	1.465589399	1	1	0
10.41319613	36.03227514	276.5940732	1.335310313	1	1	0
73.85699515	74.92670833	340.3038963	0.308291657	1	1	0
98.80066575	17.65982545	124.4742463	1.01247577	1	1	0
59.33846325	72.88442781	346.3729662	0.1698560232	1	1	0
23.20060762	55.24861462	68.14321102	0.7586884014	-1	1	0
2.232540143	34.36971511	225.1613897	0.5660678877	-1	1	0
87.00642508	26.67823971	123.7511182	0.6401456313	1	1	0
22.8426653	24.15532074	128.616577	0.586901513	-1	1	0
30.68128402	59.07023283	116.1900387	0.09413975403	1	1	0
89.82752916	116.2049457	115.2674105	0.924962233	1	1	0
94.35605234	80.75585706	314.0787901	0.595288058	1	1	0
114.9421482	110.6783181	331.5632934	0.3021127464	-1	1	0
70.24388795	103.78329	120.1311071	0.9223712041	1	1	0
53.30632598	10.97933104	116.1594639	1.158698676	1	1	0
42.4906397	20.91558886	101.2795874	0.9961330021	1	1	0
94.39713376	89.30802144	98.7941459	1.246769993	-1	1	0
72.47496873	83.51608284	346.3542562	0.3551767503	1	1	0
73.525803	21.95191282	106.3562885	1.013500327	1	1	0
75.86989057	37.10531583	357.0850711	1.191536173	-1	1	0
75.73918263	110.7703359	107.2504591	0.8306962454	1	1	0
59.03756317	39.69803372	105.2978941	0.8193753833	1	1	0
46.00527615	62.61168363	337.621563	0.2669741554	1	1	0
111.1079531	23.37879371	133.189133	1.03572895	1	1	0
28.96173898	49.27379607	178.8895977	1.411366826	1	1	0
101.7188028	9.198344838	112.5028744	1.013647	1	1	0
46.51691549	54.10959931	329.2023014	0.2660102873	1	1	0
27.91309125	17.19901714	99.13274372	1.089279635	1	1	0
38.93748679	6.539857675	108.3762073	1.090458622	1	1	0
87.09189473	84.76941129	117.0821	1.084418725	-1	1	0
8.369126419	58.90594665	273.2106043	1.402980116	1	1	0
26.50880918	40.77720478	163.2178428	1.331636955	1	1	0
20.81949188	46.82798123	84.1049418	0.6796409601	-1	1	0
103.9531561	52.75474829	359.8942103	1.388843419	-1	1	0
12.84801058	44.68867073	284.1672922	1.425357306	1	1	0
110.2571234	8.171170459	123.0830496	1.019696684	1	1	0
106.9692939	15.88496604	332.0824931	0.3633066639	-1	1	0
50.83427005	19.03213782	216.0754156	0.3192340526	-1	1	0
51.88124924	76.56732331	343.3573676	0.8216599148	-1	1	0
87.02941332	49.73102471	228.0454282	1.460150844	-1	1	0
64.78828287	46.22781946	120.6224259	1.473771954	-1	1	0
48.30374339	27.25335822	114.4727421	1.097920276	1	1	0
103.992083	1.022772672	217.6556945	0.2088875801	-1	1	0
53.90002873	59.02677251	347.4960177	0.3606989553	1	1	0
35.42157937	91.72579337	346.7378953	1.00803102	-1	1	0
109.4492204	104.4558971	102.6816645	1.047054595	1	1	0
78.74836162	28.46973151	339.2969539	0.5476819745	-1	1	0
119.1686272	26.07605483	240.7883207	0.56987611	-1	1	0
114.0669492	63.38217366	229.4043918	1.21478527	-1	1	0
93.27464862	10.87562336	108.6938919	1.012310415	1	1	0
16.04931174	29.90517519	110.6180776	0.6803188223	-1	1	0
41.82483252	97.13133753	331.9692083	0.5360942591	1	1	0
78.88363431	102.7607108	115.2388912	0.8313339495	1	1	0
51.05103252	85.42362379	334.3638519	0.07652403514	1	1	0
101.7604332	44.40803676	166.3842638	0.7370942241	1	1	0
95.52481611	100.3993215	122.2564882	0.5543908564	1	1	0
65.10257408	23.74996432	105.0227806	0.9696362097	1	1	0
102.0328687	83.91129277	73.85785951	0.1295131842	-1	1	0
64.63030424	1.163533912	102.3807368	0.9224942576	1	1	0
58.56113911	81.65998912	331.3032867	0.07694925851	1	1	0
14.83315248	21.62444619	289.6260392	0.0208835883	1	1	0
71.38458568	92.29662571	332.7865761	0.2655799972	1	1	0
44.8286825	12.73611523	105.3500686	1.066435837	1	1	0
113.9877894	32.75892479	33.01286285	0.2144229528	1	1	0
81.52344504	117.4828893	113.2699935	0.9240642426	1	1	0
106.8451352	112.9141478	119.6227752	1.140173967	1	1	0
4.434170454	42.4743073	264.9046244	1.331468949	1	1	0
92.62877129	108.2370788	116.7007521	1.205906058	-1	1	0
106.0781405	30.0019574	240.2138228	0.1079062324	-1	1	0
50.9552265	116.400719	118.0204585	1.109310542	1	1	0
112.1097806	55.23133237	163.9193647	0.4701808496	1	1	0
68.70482751	61.31752847	107.4148833	1.239088423	-1	1	0
63.95725802	96.63165841	345.8156714	0.8189045082	-1	1	0
30.36666704	9.060832006	93.40732634	0.3446207461	-1	1	0
24.2053181	32.40774909	153.0734177	1.332000943	1	1	0
107.9063913	70.3157213	214.3735525	1.249610426	-1	1	0
87.33301454	4.236843529	218.2198142	0.1715980868	-1	1	0
108.7447701	78.87270576	334.0162494	0.7812933195	1	1	0
62.12988591	105.6369456	335.1319913	0.3638576591	-1	1	0
15.15053025	53.08397956	199.0664587	0.007264522332	1	1	0
106.0402464	61.46580304	177.4388773	0.5635158243	1	1	0
6.765850693	50.55707539	218.909118	0.3757851261	-1	1	0
81.89611495	71.87293621	108.1654541	1.053138585	-1	1	0
97.68701427	58.4988682	155.6506768	0.5641066669	1	1	0
81.71096317	20.11575194	354.6490826	1.105673208	-1	1	0
54.2792966	108.1669834	109.470743	1.184560149	1	1	0
3.646372415	78.59425818	337.0357523	0.9683489759	1	1	0
110.0592773	46.84162236	154.8096884	0.5494862136	1	1	0
18.34140351	38.42272412	97.28274599	0.6801630991	-1	1	0
70.6415723	30.35498794	115.8983124	1.004207282	1	1	0
59.17020828	17.36952861	103.0906083	0.9708373105	1	1	0
36.36005736	14.72947279	113.3598322	1.089608103	1	1	0
89.97699644	41.6227857	117.4137606	0.8185741281	1	1	0
84.09037702	109.4845145	115.2480481	1.298914394	-1	1	0
56.19786993	3.091254602	114.0465117	1.108927881	1	1	0
92.06884777	33.47379232	213.759769	0.07557934754	-1	1	0
42.99696732	88.45879143	345.6760219	0.2632108675	1	1	0
78.9398387	5.580745653	106.1742299	0.9180360791	1	1	0
86.65019217	93.03750912	89.36924176	0.4341613439	1	1	0
116.9772642	100.727162	185.8157582	0.31194171	-1	1	0
75.47156667	66.46040728	349.1592109	0.4011416997	1	1	0
81.54276931	43.30149895	112.7302362	0.7257028777	1	1	0
115.2675303	15.62602187	145.1336883	1.112826949	1	1	0
109.2153926	87.86743038	323.1924843	0.7813028006	1	1	0
116.1726795	74.75669347	198.0686795	0.316222658	-1	1	0
78.36083935	51.18715289	238.6369717	1.378804064	-1	1	0
70.47314356	7.352831139	108.3941941	0.9245011487	1	1	0
87.21455468	101.3825565	104.2529326	1.30070984	-1	1	0
116.7031828	92.02689612	333.092079	0.8725657705	1	1	0
60.75416451	64.30246911	339.0474675	0.2699994935	1	1	0
73.01812991	44.9009128	101.6377776	0.6331787878	1	1	0
118.2959318	48.94050353	149.3022886	0.4574425459	1	1	0
62.146741	31.71986609	98.89811108	0.1546669294	-1	1	0
57.7204193	90.85648838	341.0509168	0.07319191504	1	1	0
