120	120
20.22435284	89.52019323	42.581298	0.5870783421	1	1	0
109.0520549	86.71069648	44.72814363	1.204283499	1	1	0
110.7706422	94.93053743	231.0700424	0.3621529308	-1	1	0
60.5646285	70.54244461	197.1875306	0.4346317782	1	1	0
108.6826709	46.87721648	263.0301543	1.007930246	-1	1	0
54.97881488	117.5646945	69.87230934	0.3574321223	1	1	0
118.3055424	58.55704941	25.90785413	0.8606142053	1	1	0
51.61123692	28.85178825	273.7160639	0.2373694994	1	1	0
7.419773223	13.59795062	312.891122	0.2355270575	-1	1	0
52.63135198	67.78144933	221.1865788	1.177593492	-1	1	0
102.6241284	52.6974743	33.1470293	0.07341770325	1	1	0
93.22715997	81.40968849	57.37199751	0.2590459234	1	1	0
104.7945377	30.12667405	262.4637243	0.8176352109	-1	1	0
102.5351213	92.47426889	32.60849652	1.297061587	1	1	0
6.133324204	61.21306438	350.7442478	0.08141384173	-1	1	0
115.8798372	114.2646828	169.9787904	0.5045702725	-1	1	0
99.74777151	108.7183591	194.7747156	1.153424841	1	1	0
24.29007179	75.24630656	250.1255241	1.330190916	-1	1	0
5.532764734	92.62439794	47.64710303	0.7979627949	1	1	0
99.4902679	75.79002863	59.68804675	0.2765487737	1	1	0
32.62894706	76.89501163	10.36908111	0.4711551978	1	1	0
38.89097166	40.11887131	278.3053602	0.4232417156	1	1	0
2.010313061	108.7413009	86.3342285	1.252383929	1	1	0
41.94861643	16.37048928	149.161345	0.9026414148	-1	1	0
34.64289257	85.14573237	18.7861943	1.248190956	-1	1	0
100.2768445	44.43124082	246.1201512	1.003709497	-1	1	0
1.932167033	76.0179933	47.62019519	0.5819637485	1	1	0
84.22999988	39.07785225	36.80756625	0.2456401232	1	1	0
67.89989392	33.7384114	143.3498581	0.8949265273	-1	1	0
26.58543286	83.31675923	28.78996592	0.5031293462	1	1	0
57.00556714	53.52270782	170.197883	0.2480005649	1	1	0
92.83036306	114.0002405	214.5515852	1.023915503	-1	1	0
7.066455225	100.9914096	41.89990785	0.7991971852	1	1	0
8.157142625	70.37848314	248.2606768	1.420998017	-1	1	0
13.97831179	8.441452958	310.2625202	0.9666180584	1	1	0
9.460761728	38.94182955	22.81005272	0.727311174	1	1	0
59.0231709	61.98012908	182.1160348	0.3415150553	1	1	0
113.9640027	72.76814774	50.17591932	0.5808032175	1	1	0
110.8930352	8.498163125	318.5293608	0.8798997308	1	1	0
56.07252022	5.818084919	114.9474928	1.012227575	-1	1	0
64.13478988	9.120170165	127.2949866	0.919265271	-1	1	0
114.3957287	24.82294135	330.2303356	0.2353334964	1	1	0
56.81070686	14.18785723	292.9568345	0.2515054476	1	1	0
118.797085	98.287926	41.99176826	0.8926488734	1	1	0
12.64192852	55.66475191	356.4687378	0.07991576641	-1	1	0
50.83397553	59.52579211	176.6704111	0.3395135057	1	1	0
64.95262334	56.24400782	108.9659221	1.08647404	-1	1	0
110.3884007	55.70074582	245.8498997	0.6325852744	-1	1	0
119.2570818	11.23140727	311.5709541	0.881301876	1	1	0
48.84256561	51.3054996	104.2235348	1.168776668	-1	1	0
69.55451326	41.93094911	34.28852107	0.2463275428	1	1	0
42.60120595	57.41610833	91.29455502	1.258376906	-1	1	0
48.1167157	2.967993699	54.72289805	0.3498096638	1	1	0
57.79334748	22.83912439	279.5138016	0.2377026432	1	1	0
96.59254256	27.24763854	265.0018418	0.8176942241	-1	1	0
94.54988742	90.02189785	121.0415365	0.6366832717	-1	1	0
105.7195089	70.01025629	63.99726851	0.2748535793	1	1	0
96.37991495	58.29129884	123.1675371	0.8180279943	-1	1	0
91.63543644	72.68029805	114.6731844	0.8160215563	-1	1	0
55.08895831	45.29513512	115.9054794	1.075163434	-1	1	0
62.96939264	1.003556936	56.29143572	0.2644209997	1	1	0
47.06854601	43.15999356	291.9263678	0.4234623661	1	1	0
40.23068986	73.09096435	176.8676251	1.401234814	-1	1	0
82.56455215	30.68907464	139.4915657	0.8975709778	-1	1	0
12.26947784	0.2177851109	188.7576499	0.4078758279	-1	1	0
104.1376144	13.49015874	207.6741519	1.259631672	-1	1	0
109.4787383	0.1567570547	186.1953711	0.5074473711	-1	1	0
69.73973583	115.4615992	71.18857757	0.3579084598	1	1	0
101.1793393	84.210728	111.6576974	0.6485669676	-1	1	0
0.467859432	67.14147017	37.82113344	0.674395979	1	1	0
98.03997792	66.85803118	111.295715	0.8182391742	-1	1	0
21.96409971	97.63182922	351.9075765	1.343810471	-1	1	0
2.781069284	27.49503368	315.9624657	0.5160565659	1	1	0
112.1569938	64.42536456	231.2998558	0.5817325661	-1	1	0
13.84593542	64.27245858	37.02232052	0.5846970478	1	1	0
66.81573218	64.95500899	100.8993237	1.087831074	-1	1	0
1.474389636	35.72298819	263.0105695	1.186627175	-1	1	0
82.1402723	14.26844373	306.2907257	0.2648513044	1	1	0
114.093151	105.6478641	185.313963	0.4113564192	-1	1	0
71.15483727	3.65022706	109.1073451	0.9261637951	-1	1	0
61.47073865	39.45011331	128.0591786	0.9823323461	-1	1	0
12.08118407	86.92244104	37.82407079	0.5893086036	1	1	0
74.39869774	28.49029764	266.0926044	0.2452802564	1	1	0
113.0439622	33.11344988	250.2618411	0.9098815478	-1	1	0
75.35828746	67.08731777	117.1347569	1.001243075	-1	1	0
77.80601609	117.8427989	91.44695854	1.01833062	-1	1	0
101.0879761	117.0172872	202.5535782	1.022484681	-1	1	0
102.7857407	5.207188985	331.8966718	0.5574726731	1	1	0
61.86424902	112.7205668	348.8695394	1.102578648	-1	1	0
49.05244078	11.20588995	132.0224483	0.9958857214	-1	1	0
106.2132663	21.64928847	320.7247071	0.42064161	1	1	0
79.31703686	6.029206432	307.0930314	0.2648572321	1	1	0
92.44866529	41.65503435	35.52956259	0.1675553879	1	1	0
41.02149435	8.126400044	38.32516776	0.256745579	1	1	0
88.66131454	24.4819066	113.5175892	1.455962275	1	1	0
104.3272674	61.37172834	47.98466578	0.07342182552	1	1	0
76.11039688	36.66023618	129.1904817	0.9904039194	-1	1	0
71.13766908	50.56022516	47.36126032	0.3463589615	1	1	0
94.28293026	50.20887091	45.05862095	0.2591985511	1	1	0
87.93094659	7.827507224	317.4694231	0.3579318278	1	1	0
106.514547	38.55289568	12.46474642	1.376449469	1	1	0
86.68216787	86.67503923	58.04428578	0.25906466	1	1	0
28.36190843	91.45038917	4.684409911	1.250396078	-1	1	0
13.53699908	95.14461162	3.91735175	1.356766441	-1	1	0
90.5766768	33.05646376	25.01312325	0.1525923046	1	1	0
98.38687663	35.86232381	255.3383188	0.9107727518	-1	1	0
17.45776349	41.50780256	351.0624215	0.1723448583	-1	1	0
116.5100857	49.9525402	13.77360472	0.8594195693	1	1	0
40.79724603	49.22553641	303.5048689	0.5129742908	1	1	0
53.46788362	37.24907281	280.6591788	0.3304359146	1	1	0
20.53045551	3.026715553	199.4296494	0.4079652239	-1	1	0
90.18199453	16.32186186	322.5483699	1.103166418	-1	1	0
80.35024587	22.48504931	137.3984051	0.9155732884	-1	1	0
16.31313051	72.61412547	27.3358969	0.49159923	1	1	0
18.89890817	49.75890929	149.1133519	0.9173893091	1	1	0
117.283058	89.66484841	33.03826097	0.985695936	1	1	0
37.70778261	31.50106972	289.3121623	0.4232491826	1	1	0
83.77347774	69.7220262	266.3854488	1.468688792	1	1	0
96.08933366	10.48720057	324.3475566	0.4637666434	1	1	0
45.43620905	34.81937183	246.2387969	1.449114711	-1	1	0
26.04615463	9.62757684	31.09800504	0.2100849047	1	1	0
107.6331772	78.22779295	103.5036291	0.7404570182	-1	1	0
43.90916965	25.78148767	8.413253732	0.8892354626	-1	1	0
49.67908887	19.68223819	279.3404863	0.2364299955	1	1	0
33.92302924	13.29061243	21.98960759	0.2124404104	1	1	0
66.42008828	25.55930942	256.5885661	0.1481778258	1	1	0
115.0209653	41.25293686	29.18667094	0.8145375092	1	1	0
107.9744133	111.6999448	204.9314899	1.246205099	1	1	0
64.37381266	17.61662916	133.5058959	0.8937730876	-1	1	0
117.5463036	2.496546509	327.1685132	0.9759376771	1	1	0
9.355368175	22.18037708	310.3267889	0.1435710439	-1	1	0
87.89117305	55.96071877	38.99533244	0.2585930736	1	1	0
40.41684542	119.7813276	12.85671969	1.094823462	-1	1	0
1.050422129	19.37650393	323.6431646	0.2353256611	-1	1	0
59.88968054	31.28280019	271.0442119	0.2373787076	1	1	0
94.46945784	2.085809294	321.5369657	0.3719837065	1	1	0
5.657451038	5.429654057	323.1480229	0.9740494531	1	1	0
81.73037951	61.37622876	118.5008901	0.8165643677	-1	1	0
86.01571123	119.4051936	312.1885993	0.2787390256	1	1	0
10.17571474	78.63850047	34.26249783	0.4923182184	1	1	0
112.8255232	16.56805996	311.2392044	0.04785834978	-1	1	0
115.5611286	81.41690669	106.9166155	0.6749025571	-1	1	0
4.34282829	52.70715622	4.774638264	0.07916645265	-1	1	0
63.23617272	47.76520977	121.2683674	0.9932943852	-1	1	0
3.892022166	84.28864849	124.0420591	1.140321693	-1	1	0
18.37715386	81.10882818	39.79771685	0.5855186328	1	1	0
89.90962078	64.05389791	127.0053143	0.7245456397	-1	1	0
73.29925686	58.70573151	117.2431277	0.9979322939	-1	1	0
77.83467057	44.83871703	44.05742913	0.3395574638	1	1	0
79.50931823	53.27473908	41.66499709	0.347959178	1	1	0
97.93076173	19.0045774	313.1309064	0.3280306747	1	1	0
4.20899217	116.9524014	182.0112084	0.4145367699	-1	1	0
85.20772653	78.30388452	119.0160967	0.8184855231	-1	1	0
33.25205131	4.933327189	29.34560004	1.049112285	-1	1	0
86.04911913	47.53761921	39.22338241	0.2604790151	1	1	0
77.3627828	75.30198823	263.9192941	1.468898355	1	1	0
44.50969913	65.63039614	191.8382403	0.4326159841	1	1	0
99.26970232	100.2318625	315.8283737	0.4991087133	-1	1	0
10.96920507	47.30633614	2.782513309	0.07920765445	-1	1	0
2.973031781	44.27763686	22.76954199	0.7647003901	1	1	0
