120	120
33.81327576	88.63695411	195.7121862	0.4794633003	1	1	0
45.27114826	8.848929382	336.9748527	0.3590155916	-1	-1	0
74.6368033	2.931000442	347.2830792	0.5401812486	1	1	0
98.95129414	97.89135001	331.5383975	0.3893909709	1	1	0
106.8110952	67.52090531	213.0776267	0.4726657026	1	1	0
59.46760634	5.406156847	331.1671169	0.5464035885	1	1	0
115.6103384	96.25716589	279.8858565	0.5645666564	-1	-1	0
38.18270937	66.35525533	99.77812585	0.3743588271	-1	-1	0
29.45034308	66.62932645	84.61859163	0.4677064701	-1	-1	0
21.07886531	96.41132874	208.2658137	0.2980814746	1	1	0
25.31416688	88.74430772	191.7485848	0.4795207348	1	1	0
11.32747423	36.50678052	72.84561017	0.5703585684	1	1	0
20.31431886	36.83156473	214.1182088	0.9443734665	-1	-1	0
93.49509687	75.81319297	185.785058	0.3066282493	-1	-1	0
103.4721746	104.7925425	43.61719079	0.01883146899	-1	-1	0
45.58154024	111.0126603	95.58530177	0.7618509946	1	1	0
41.89829837	44.85126112	49.67431777	0.934445647	1	1	0
16.26021352	74.1681578	61.18567172	0.3757100935	-1	-1	0
89.93579757	83.78970395	169.0848876	0.3060974801	-1	-1	0
109.6056095	43.14286434	217.152685	1.414251143	-1	-1	0
38.03763507	96.20362119	213.1375764	0.3863573943	1	1	0
46.96445575	51.73865166	54.84556805	1.120582799	1	1	0
119.3889301	58.98725561	188.2594034	0.2896685739	-1	-1	0
105.8112616	35.2053704	235.4944481	1.414309674	-1	-1	0
46.44993741	96.6692878	57.1671662	0.3851174877	-1	-1	0
90.66464526	8.885340891	113.7051015	1.464901336	-1	-1	0
98.46013809	49.6060797	206.5267349	1.301829182	-1	-1	0
24.39234978	44.68623595	196.9041525	0.5692499181	-1	-1	0
119.3572929	29.14714339	93.83851568	0.2093864691	1	1	0
39.23166817	14.68688839	82.96910401	0.7446517978	1	1	0
20.78790716	111.5351837	58.52581157	1.260964832	-1	-1	0
4.099893897	81.61475251	354.3382415	0.5638738698	1	1	0
81.97296727	36.46614779	359.6131693	0.2583332955	1	1	0
46.41010434	66.77704311	53.93090916	1.401374385	1	1	0
92.52934436	40.36119054	357.2003929	0.4832410775	-1	-1	0
89.05834614	31.9545947	341.643975	0.165794087	-1	-1	0
75.46716773	41.67592665	329.307745	0.1796595863	-1	-1	0
86.35628483	22.7579716	233.5871967	1.372407085	-1	-1	0
108.2888772	20.49650533	325.6271182	0.4365926228	1	1	0
7.303754644	44.02429144	75.16117873	0.5703423872	1	1	0
53.56914773	11.24593432	342.3619152	0.3644696911	-1	-1	0
59.00141162	36.61964482	351.3062604	0.833349286	-1	-1	0
87.59786864	111.7107542	331.3779739	0.4398854621	1	1	0
20.59629512	81.36336847	206.9240052	0.6646646962	1	1	0
63.57404031	22.09753339	347.3369504	0.274988756	-1	-1	0
101.1920305	41.92734248	318.5845768	0.0179661735	1	1	0
95.42487252	114.4685128	328.2412547	0.1599612917	-1	-1	0
114.9607293	66.83145951	182.1650785	0.2014256296	-1	-1	0
64.87475755	30.61031312	324.3636065	0.4610247029	1	1	0
94.3498164	25.58091873	323.6980412	0.2947955008	1	1	0
57.07970464	27.92932166	333.8889071	0.3682105193	-1	-1	0
97.42815222	33.90484346	304.1892595	0.2938177125	1	1	0
45.99706919	81.63770426	315.5570481	0.3854518615	1	1	0
50.89391247	59.09051558	218.0925879	0.4701152289	-1	-1	0
55.47989911	19.84378287	83.88012513	0.6441368004	1	1	0
81.55970566	117.8351371	89.69414302	0.1591776861	-1	-1	0
85.88945777	91.06517319	331.5960777	0.4923139034	1	1	0
37.00649413	38.19313841	317.7148424	0.3776737338	-1	-1	0
8.61133045	89.17711073	334.4933667	0.6590315191	1	1	0
69.52077217	47.3945355	348.1187397	0.1818454191	1	1	0
111.0780116	74.64786879	168.0916122	0.2833202706	-1	-1	0
25.08488791	103.7724605	75.15031104	1.481359792	-1	-1	0
114.6924109	51.58579831	172.5583441	0.3819512063	-1	-1	0
33.97993193	73.76728934	183.5701541	0.5668658253	1	1	0
69.57143047	16.57052578	331.3368238	0.4625831309	1	1	0
106.7346654	12.39271903	93.80199024	0.1581250576	-1	-1	0
41.54785405	103.8583971	70.36620377	0.5737416576	-1	-1	0
12.61771397	66.45466493	339.9155907	0.2839486986	1	1	0
25.09420886	29.92414633	80.70754534	0.5693438276	1	1	0
114.1590141	36.14327702	80.0254572	0.3026634791	1	1	0
8.166535677	73.85688457	348.5409112	0.4690341173	1	1	0
24.80135894	59.63309305	70.3625237	0.9333700151	1	1	0
16.30737483	29.43406162	64.19531059	0.6621880915	1	1	0
37.08704193	111.3276277	54.96128455	0.7485991035	-1	-1	0
42.42111709	59.15816904	38.83206072	1.122170016	1	1	0
7.723847679	28.83147711	207.8418725	0.8604527992	-1	-1	0
48.72460715	25.26587634	347.3462168	0.370445333	-1	-1	0
3.969291351	96.53521194	347.9444714	0.9380051092	1	1	0
102.8643634	27.36861034	311.6736598	0.3873328798	1	1	0
34.27140112	30.35674303	86.76041015	0.56374069	1	1	0
102.8430896	89.64333046	47.07396756	0.1970047553	-1	-1	0
33.30050401	103.8561931	334.0035427	1.02809331	1	1	0
84.21851963	14.42640303	330.4472974	0.3473483348	1	1	0
119.4988145	73.77658845	334.0983924	0.4702832783	1	1	0
81.22971231	84.26076777	184.1445868	0.2128768024	-1	-1	0
107.2771974	96.77805132	333.2766472	0.4748940978	1	1	0
92.40287193	17.06674065	344.6976088	0.3481476911	1	1	0
65.88009756	0.05509207146	210.1884747	0.267314634	-1	-1	0
20.73417517	66.86173028	70.87023764	0.4698968368	-1	-1	0
111.2203186	89.02432481	345.7450354	0.5647138311	1	1	0
73.35713534	33.17784667	342.0370719	0.3653216638	-1	-1	0
118.0569934	44.05122281	100.0428019	0.4887804703	1	1	0
42.14830244	89.12299932	72.33745445	0.2919825786	-1	-1	0
21.38009957	22.7258642	89.73956156	0.3799983449	-1	-1	0
0.1154892265	88.9903898	285.7764703	0.4723323171	-1	-1	0
2.728887663	36.86122387	189.2990071	0.2073493837	-1	-1	0
82.75655737	6.052938234	334.6977041	0.4400056542	1	1	0
2.942186603	51.52216944	88.18728903	0.6634447607	1	1	0
42.372726	74.11565038	79.27118129	0.2874008558	-1	-1	0
12.48117312	96.61577405	52.50238769	0.2943694422	-1	-1	0
16.94423418	104.1787711	324.4144389	1.481061514	1	1	0
29.56971475	81.04225093	183.0323406	0.5699665392	1	1	0
67.83027618	8.019939601	345.2411096	0.54295813	1	1	0
61.72467328	13.64122098	333.370367	0.3566419056	-1	-1	0
79.8950358	28.06789335	349.0092692	0.351023222	1	1	0
29.54717144	96.11475129	192.5952981	0.1906080229	-1	-1	0
116.5342112	21.44847204	308.5380569	0.02214267248	-1	-1	0
37.85112673	81.55834762	89.20516516	0.2907200404	-1	-1	0
3.919259862	66.63373612	171.7520893	0.1033345939	-1	-1	0
111.2072754	28.34613265	321.6132088	0.01743183312	-1	-1	0
90.75086134	97.95687799	288.5542495	0.01661038867	-1	-1	0
15.93657418	43.81190495	78.08635743	0.6622431986	1	1	0
76.03245586	11.21339184	214.3314283	0.2535020583	-1	-1	0
55.65258474	51.51893573	64.54649929	1.123296461	1	1	0
32.77167476	45.4159151	75.38289025	0.5680856773	1	1	0
30.17460123	23.31129237	77.82659603	0.3794182707	-1	-1	0
50.81432075	33.29581005	206.4235383	0.6502790978	1	1	0
40.69656454	23.212006	85.25042046	0.6520506447	1	1	0
16.05420768	58.82504726	191.7043847	1.219617817	-1	-1	0
28.82808539	37.67096104	93.63558032	0.4762346415	1	1	0
16.99885538	88.95677277	66.40682008	0.2937408134	-1	-1	0
111.1909418	59.38078481	209.1842697	0.475511739	1	1	0
61.49012988	44.93104939	348.6759657	1.019976496	-1	-1	0
4.669243249	20.95324301	87.46042618	0.3855721032	1	1	0
54.95391966	66.44415199	53.08457351	1.416998114	1	1	0
71.36759172	25.12011526	321.2088031	0.4613041163	1	1	0
7.836428234	59.08015874	326.8233148	0.09862065936	1	1	0
28.93826875	111.4682819	348.5249984	0.8885633944	1	1	0
8.446218005	103.9945446	331.6559926	1.294835684	1	1	0
47.38912907	17.08021393	76.80559205	0.6516398989	1	1	0
100.210875	19.40747373	93.71121875	0.1580714555	-1	-1	0
12.25040495	81.66389019	50.83704302	0.4683706197	-1	-1	0
89.41947213	0.342718267	349.6608452	0.4397426838	1	1	0
94.70378623	105.7984212	349.2473494	0.4824543882	1	1	0
11.3954862	51.36011246	308.9112959	0.01164275482	-1	-1	0
67.55840358	38.91864151	333.2674997	0.3658478093	1	1	0
62.58240273	81.41257799	92.93800654	0.1133302923	1	1	0
106.8026371	81.76249382	338.1605009	0.4940530024	1	1	0
42.44195687	31.32636514	331.720337	0.3728639909	-1	-1	0
0.1495850226	103.7392445	292.7617527	0.8441017794	-1	-1	0
106.518573	51.69144326	231.5018968	0.475094327	1	1	0
33.54767597	59.41077644	54.30483236	0.9319696723	1	1	0
94.58391022	90.48210116	346.2034563	0.4823348187	1	1	0
102.2941923	75.03353215	178.2105782	0.3081920181	-1	-1	0
98.72968204	11.15330948	328.8012283	0.3443677577	1	1	0
50.56998536	74.21763588	327.9328777	0.1064327032	1	1	0
115.6000972	81.5543377	346.7759981	0.5634074036	1	1	0
25.10739797	74.1627402	81.00316587	0.3767576728	-1	-1	0
58.76545145	73.92992011	333.9757201	1.137573541	-1	-1	0
111.7719077	104.4489684	356.6608196	0.1863069961	1	1	0
38.06138185	52.2112111	338.0692862	0.8475521259	-1	-1	0
77.6709467	19.60489804	214.8144954	0.2534743462	-1	-1	0
54.29994156	81.85560374	309.9730331	0.289926114	-1	-1	0
41.22680842	118.486389	109.2192354	0.8550783861	1	1	0
50.40818651	89.14699855	331.1648777	0.4783717337	1	1	0
98.23703264	82.53089026	327.7846555	0.4012847754	1	1	0
28.66260605	52.45416957	211.2776921	1.026589492	-1	-1	0
19.99452412	51.63247982	94.34059451	0.5689165223	1	1	0
85.32010664	76.92313843	204.0877057	0.586153771	1	1	0
13.16175567	21.31969664	80.70939901	0.5718546504	1	1	0
