120	120
90.46232969	12.14172766	118.031838	1.267591002	1	1	0
74.08020244	8.143495783	288.1852508	0.05276427004	1	1	0
97.18516431	75.50119799	77.13572657	0.539358568	-1	-1	0
19.64545346	89.3804192	262.493819	1.018808289	1	1	0
13.5873975	114.3485504	18.29640993	0.9375750322	1	1	0
88.88810354	26.35960549	135.3658698	0.2600287784	1	1	0
117.1527288	87.6205264	96.40555673	0.9805044012	-1	-1	0
63.83270413	93.9919146	344.2691761	1.211427101	-1	-1	0
13.85420008	42.80091501	40.09168249	0.9375656623	-1	-1	0
61.82787439	101.9907741	169.0699505	0.0007795265528	1	1	0
102.7032492	59.33219919	58.39435909	0.5453381103	1	1	0
26.05187143	64.88668036	202.7935613	0.9288340081	-1	-1	0
15.86375449	74.59866957	81.88355939	1.082392017	-1	-1	0
48.33264056	38.39538718	44.1759571	0.5047573041	-1	-1	0
54.489179	74.12420939	234.1570587	1.12098776	-1	-1	0
49.95737235	46.43133778	156.4409477	0.8017603303	1	1	0
64.0723341	44.57686937	275.3228647	0.8017282475	1	1	0
37.11075405	55.18463294	22.11215284	0.929506927	1	1	0
45.78056717	106.5152067	32.41890049	0.09504474547	1	1	0
51.92219838	8.342895205	270.5708521	0.256619562	-1	-1	0
23.03314146	21.66753314	23.75961661	0.6636948226	1	1	0
27.72671011	87.48312653	115.7204242	0.8329894269	-1	-1	0
14.61343302	19.96027694	151.7731397	0.4686493925	-1	-1	0
36.94613511	10.48334019	272.1794782	0.07044389487	-1	-1	0
48.77412813	67.82323986	10.80778957	1.390889532	1	1	0
99.79459795	12.86576496	45.39872604	0.7251580027	-1	-1	0
46.26802325	76.15410263	3.139910627	1.300023806	1	1	0
56.95917109	65.93408177	221.4906073	1.37772458	-1	-1	0
27.84919502	38.15262352	37.82576072	0.5664262282	-1	-1	0
31.32846255	23.41424682	42.6713974	0.3219018848	-1	-1	0
108.696779	65.0744384	74.7805675	0.6377852488	-1	-1	0
54.47127428	24.78931132	49.4461431	0.4198845739	-1	-1	0
32.05393814	71.25383796	220.2347359	1.018374813	-1	-1	0
55.41888862	96.20437498	253.4695755	1.398394261	1	1	0
24.03198206	73.1270226	157.7778441	1.271006019	1	1	0
11.41228519	34.57014126	41.13375663	0.4737348252	1	1	0
83.10327302	68.28946441	192.9488529	0.5388971918	1	1	0
5.434446071	40.5123889	26.17211468	0.844376423	-1	-1	0
50.92027938	59.39630183	342.3711561	0.4398442533	-1	-1	0
49.32554424	90.13575143	241.9176847	1.398198837	1	1	0
5.209118578	84.91149217	18.09194639	1.354743931	1	1	0
119.4903666	46.36564575	143.4497005	1.101793918	1	1	0
53.11547537	16.60707593	154.5914427	0.5359997963	1	1	0
102.4714227	43.23318442	144.625127	0.07824908477	-1	-1	0
113.2654397	72.82848873	95.65056588	0.9799569061	-1	-1	0
21.34916738	111.8630509	351.2122011	0.8867883363	-1	-1	0
93.88219103	19.48644896	56.99764796	1.099393908	-1	-1	0
57.63067722	50.11311967	46.59066361	0.4288705894	-1	-1	0
41.20600521	92.28481485	238.2494868	0.6564342851	-1	-1	0
71.46652008	69.67865871	158.0960785	0.5331192481	1	1	0
100.0535853	67.19789101	61.60973371	0.4468516365	-1	-1	0
19.47782478	36.14778897	26.09117266	0.6586203686	-1	-1	0
34.20706756	63.3457829	35.59372769	1.115744657	1	1	0
40.29842607	69.68870797	18.25098472	1.297877681	1	1	0
113.8960358	30.47186242	143.3636868	0.7302500704	1	1	0
31.07274504	102.0088062	118.0192609	0.9285644718	-1	-1	0
113.3681806	52.28124742	24.97135673	0.07690922831	-1	-1	0
105.283715	73.57641814	299.6463752	0.9085985707	1	1	0
33.03825244	31.93208704	266.8499537	0.6946426635	1	1	0
17.20809235	28.16415774	31.43602737	0.6600666837	1	1	0
110.8976703	44.27891766	24.49739958	0.07744393195	1	1	0
60.64416646	80.17498921	222.5330225	1.213440085	-1	-1	0
65.50197734	63.91010138	335.6383199	0.0597449907	-1	-1	0
2.913563582	32.29018197	22.43584799	0.5643521769	1	1	0
47.53543071	98.54558975	217.4596013	0.001371643136	-1	-1	0
11.27607477	2.944031477	33.99486288	0.7530667016	1	1	0
47.18695051	29.6690576	28.99320831	0.6929282181	1	1	0
62.61983979	72.01274744	136.6126377	1.471013176	1	1	0
37.99552892	77.61083041	238.8183653	1.018839384	-1	-1	0
70.45896561	39.27585004	49.64810854	0.6147441913	-1	-1	0
43.76104218	5.075127884	255.4702282	0.2565889861	-1	-1	0
62.80416097	35.58112365	44.31450741	0.6109878661	-1	-1	0
86.83792786	75.56115141	337.6948586	0.352630778	-1	-1	0
69.97738767	30.4846872	52.9336953	0.7987131786	-1	-1	0
100.0446871	35.23901767	261.1152018	0.2645290989	1	1	0
42.62058592	116.5509829	265.0928237	0.2566298628	-1	-1	0
8.943918484	26.34853375	149.3781145	0.377489963	-1	-1	0
117.8244479	16.43228859	28.79356536	0.1730412392	1	1	0
25.18339653	29.57990401	30.97075826	0.4773939137	-1	-1	0
101.9622135	20.92955204	11.0782039	0.7252443078	1	1	0
12.38211242	60.90197572	320.6230428	1.099933473	-1	-1	0
54.92931181	33.27621425	30.18755831	0.7860611316	1	1	0
102.5133623	81.92377618	283.2745457	0.9076236492	1	1	0
42.5093503	61.62018639	340.7893178	0.5577533492	-1	-1	0
82.08453614	10.68996731	49.93663979	0.9840896473	-1	-1	0
52.15649739	82.29784794	239.1466289	1.120972954	-1	-1	0
105.8383112	28.26912779	151.3531518	0.1721194473	-1	-1	0
6.267433755	18.06812085	134.8159401	1.388539392	1	1	0
59.42333908	58.11310911	154.4024007	0.3333760343	1	1	0
20.63262852	58.4776086	158.3135024	1.192961964	1	1	0
57.90444188	88.07568646	256.1489933	1.398571952	1	1	0
40.54155443	35.25384104	41.94776391	0.4116714657	-1	-1	0
4.541021117	9.975653588	169.9608274	0.5604705302	-1	-1	0
13.59410368	82.57997321	289.0073205	0.1324281496	1	1	0
19.68251209	5.866401344	19.01001248	0.7523019772	1	1	0
53.94589332	104.5420894	100.0859511	1.397624795	-1	-1	0
14.98700933	105.8325627	335.2939998	0.88697232	-1	-1	0
8.525429637	48.90099281	268.895111	1.001994934	1	1	0
68.22746689	13.95959309	286.1841716	1.269966065	-1	-1	0
28.56843844	7.190861581	153.0540816	1.385242805	-1	-1	0
116.0121685	60.33335497	15.00734602	0.1700772132	1	1	0
11.19021796	90.95167739	333.4976385	0.9300709123	-1	-1	0
39.31662871	100.3967682	17.93785226	0.001819201494	1	1	0
33.06041803	94.10173625	136.3300306	1.207660696	1	1	0
108.1762087	36.59485368	162.4974976	0.07807127834	-1	-1	0
8.768461172	99.66623808	319.5074342	0.9240091574	-1	-1	0
66.33821108	85.93492239	273.3342724	1.404880066	1	1	0
43.77912037	83.99495101	255.7713131	0.9351036271	-1	-1	0
50.41654368	0.1813041822	293.5718893	0.5357045234	1	1	0
39.42764448	26.7123194	55.76636241	0.3219832519	-1	-1	0
85.1629404	18.72010062	43.00244435	0.9883012834	-1	-1	0
116.8209852	38.35484719	44.5926242	1.19690199	-1	-1	0
35.89487861	85.85609885	122.7481328	1.111623947	1	1	0
62.29431171	27.39731754	32.55183238	0.8868743836	1	1	0
7.517391151	76.90500388	97.08665786	1.081799263	-1	-1	0
7.175392018	108.326473	34.29300825	0.9800565379	1	1	0
105.3306514	50.93173173	39.61652322	0.2671309641	1	1	0
44.98742459	13.23422681	168.7960553	0.5361584626	1	1	0
24.9249658	95.78256114	100.4731365	0.8353976371	-1	-1	0
18.11708979	66.74705971	174.9421376	1.286152069	1	1	0
69.12503879	77.79806668	209.9890342	1.306528557	-1	-1	0
28.84523302	56.62539588	218.1585226	0.7432516209	-1	-1	0
17.01825717	51.02868331	18.11613353	0.9375880363	-1	-1	0
59.78644664	10.84235841	169.7616023	0.3499823543	1	1	0
61.29004562	19.04266004	290.6127641	1.456317957	-1	-1	0
45.00349594	53.15297084	353.594324	0.5581008292	-1	-1	0
97.13270458	27.55649511	40.26343488	1.473564505	-1	-1	0
66.17529259	5.453000642	269.8485509	1.356660844	-1	-1	0
77.87098775	74.79063693	324.6634104	0.2556042655	-1	-1	0
35.69880478	2.382896215	36.25557611	1.47827764	1	1	0
91.93678744	68.93208954	177.531166	0.6326157386	1	1	0
111.5469144	21.97559386	151.5255095	0.1724064402	-1	-1	0
69.56943581	22.29449425	24.10721612	1.270402752	1	1	0
93.97111785	60.96009155	74.43888574	0.3537057373	-1	-1	0
16.85557539	97.72680228	275.5188827	1.111866703	1	1	0
97.30046662	53.0307302	83.38734124	0.2606890458	-1	-1	0
9.73245656	68.84683862	157.3804949	1.370752682	1	1	0
38.2214775	18.70174738	152.1567455	0.4430658523	1	1	0
2.099294345	54.4564969	48.99614662	0.2585339232	-1	-1	0
13.02616618	11.15246567	167.7923992	0.5652292699	-1	-1	0
107.9586681	14.51168895	22.39930379	0.6336024436	1	1	0
46.30035861	21.35334391	37.80270399	0.3474881164	-1	-1	0
30.15251152	15.38139655	164.8387443	0.4539537023	1	1	0
29.96294516	79.49210182	139.8182874	1.204802093	1	1	0
3.218355897	93.43070797	35.76998299	1.301420744	1	1	0
77.32338303	24.80457164	55.93952085	1.084227285	-1	-1	0
119.2210728	79.17014228	112.765284	0.980631228	-1	-1	0
21.49040958	13.70156677	180.0221661	0.6590923977	-1	-1	0
111.2895747	81.04234632	265.725961	0.9806139392	1	1	0
1.354340092	71.19759737	140.9372596	1.370836714	1	1	0
0.1335994381	24.37876212	165.7965172	0.3592673005	-1	-1	0
21.90072324	44.08583413	22.08073057	1.123856287	1	1	0
76.20895308	16.57922378	10.98903433	1.457202066	1	1	0
5.633892572	116.5841888	211.4669662	0.6582632851	-1	-1	0
0.2362206147	2.822455338	96.86810667	1.03075791	1	1	0
21.76646875	81.11175558	98.8080852	0.925387356	-1	-1	0
3.757630296	63.25318156	333.0994836	1.283104368	-1	-1	0
91.78252204	34.35376317	55.10616251	1.385198748	-1	-1	0
23.06511964	103.9260271	258.8683389	1.073172874	1	1	0
56.45746616	41.43245098	31.45175377	0.5223991824	-1	-1	0
