120	120
87.94429496	4.444307438	26.01200585	0.5546186415	-1	-1	0
102.1589038	31.90789049	249.0386414	0.2702787765	-1	-1	0
93.97210287	118.1135837	40.38154867	0.4627281513	-1	-1	0
42.82280669	40.68846178	146.5541949	0.5967666065	1	1	0
12.17982281	102.3123534	126.4280709	1.065698322	1	1	0
117.5670057	66.43727018	130.4925363	0.6518003053	-1	-1	0
6.548581117	81.39535346	150.9260674	0.5464293762	-1	-1	0
11.12174336	88.15611638	6.520709952	0.8254340358	1	1	0
97.73106344	15.48169598	285.2626892	0.737037716	1	1	0
60.69244957	89.62157503	162.2142694	1.349225123	-1	-1	0
45.98668355	116.05081	162.0494837	0.7100393997	-1	-1	0
26.10020724	107.5586633	7.46540116	1.344491175	-1	-1	0
71.64423005	36.45826959	13.59805561	0.6365484855	1	1	0
106.2992286	106.3023627	10.30599944	0.2792818817	1	1	0
20.18723439	45.31442535	157.8887673	0.9186388916	1	1	0
62.93137811	36.61891382	357.5926775	0.6268359803	1	1	0
71.74841027	22.42390985	244.5605716	0.8225472075	1	1	0
76.17364907	29.4570924	132.2902622	0.4502120265	-1	-1	0
51.54249907	12.03225154	37.68076913	0.8917000369	1	1	0
75.86553071	43.95097198	29.64984554	0.6387520424	1	1	0
89.599768	12.68088623	280.0742086	1.017133457	1	1	0
99.98247112	23.42150045	264.9875385	0.1770892895	-1	-1	0
114.2818752	19.98538857	269.7831143	0.4501001507	1	1	0
106.09606	17.69649079	272.859565	0.5437610273	1	1	0
15.34102086	80.9130377	132.0918462	0.5464516223	-1	-1	0
38.47808558	69.18350185	141.2078848	0.9590394328	-1	-1	0
80.44438695	36.46871965	28.65534087	0.639205628	1	1	0
55.26718988	72.52297644	285.4339636	0.02204343997	1	1	0
19.112231	73.54588795	144.8133054	0.8340856583	1	1	0
62.77079165	50.94689409	23.1848419	0.6750781519	1	1	0
63.84453534	74.19803687	296.1777468	0.02180726238	1	1	0
119.3847782	110.7515517	359.8228576	0.09072455145	1	1	0
20.00460825	87.63145671	24.57541717	0.8250734025	1	1	0
96.56215407	37.90130839	61.04314339	0.5540280823	1	1	0
63.45080426	97.35345001	24.3906011	0.7925562007	1	1	0
52.67382427	87.11909684	286.3206296	0.2277222535	1	1	0
2.116947362	73.87807826	141.8976731	0.6328113595	-1	-1	0
103.7185789	9.587786716	29.84959177	0.830751384	-1	-1	0
49.57169886	79.20548869	294.3591104	0.2095802179	1	1	0
14.43169321	66.78532426	12.20172057	0.557590728	-1	-1	0
94.14857082	29.46540708	44.98577797	0.5513709182	1	1	0
63.02069042	21.98262922	160.8155637	0.4194288704	-1	-1	0
91.70222875	110.0799164	8.231501339	0.6508039614	1	1	0
48.95843274	56.52355557	278.8210016	1.421598216	-1	-1	0
15.07896778	52.35736563	141.7836295	0.9301803917	1	1	0
24.28298489	3.54314886	111.7162602	1.344335197	1	1	0
95.30672809	96.32554879	240.9596933	0.6507361708	1	1	0
48.55205782	4.364499496	145.8339282	0.5258605189	-1	-1	0
66.07751969	105.1596347	165.8328696	0.9438331916	-1	-1	0
60.51682685	65.83784271	19.30355347	1.418899481	1	1	0
60.15057848	111.1189433	6.091394032	1.168179577	1	1	0
57.50089769	6.016344427	22.64797999	0.8909113611	-1	-1	0
15.80943088	94.88740423	6.064964238	0.6348495326	-1	-1	0
4.62163228	117.7606282	345.212155	0.1835768274	1	1	0
32.97586291	75.79827473	152.9153784	0.8877389863	-1	-1	0
114.5791765	103.9780388	268.6482601	0.9280360245	-1	-1	0
68.25373887	15.00583639	144.2391717	0.4193967676	-1	-1	0
83.40970284	108.7410276	164.6557124	0.6509855614	-1	-1	0
71.39831998	51.42576705	15.0879126	0.5819048023	1	1	0
46.72080572	71.14589608	295.9633843	0.1181531335	1	1	0
68.77795144	112.9285521	20.84709298	0.7406004602	1	1	0
118.3226252	96.51825793	12.94171965	0.4554808185	1	1	0
17.19961834	37.56750758	240.9140753	0.640604644	-1	-1	0
68.69222521	67.31860248	260.1764726	1.325736077	-1	-1	0
91.37009404	21.40306079	146.0389232	1.387629483	-1	-1	0
43.99233495	62.92268023	22.71434758	1.421611556	1	1	0
2.344131074	88.57874097	351.0753973	0.7326671533	1	1	0
74.98670851	85.03531408	241.2839836	0.4795139082	1	1	0
29.11612412	99.13328798	142.8146752	0.7852330364	1	1	0
11.9629272	44.6644553	256.4469652	0.6509961613	-1	-1	0
40.51360403	2.199698386	144.6734565	0.895855796	1	1	0
58.65264645	29.60606687	164.5509436	0.4395726408	-1	-1	0
37.91444017	113.8554078	131.1950432	0.8957984271	1	1	0
113.8468436	74.18669366	2.791571532	1.097377737	1	1	0
77.14241212	114.441844	15.71080852	0.7955025734	1	1	0
113.9862591	89.60285574	147.9108566	0.4527989524	-1	-1	0
84.66075678	43.96466964	17.64745671	0.6389269819	1	1	0
19.00113273	59.9137943	135.8437547	0.930204584	1	1	0
34.45407954	106.0046478	127.5796811	0.7075603313	1	1	0
25.3677116	38.2705948	174.9401135	0.8247556161	1	1	0
57.10112452	57.61946587	38.45191	0.6734620849	1	1	0
105.0540456	39.79279135	43.82938015	0.4609155091	1	1	0
3.800153418	43.53530754	162.8757083	0.9305909839	1	1	0
28.69842596	45.77982773	1.143040786	0.5476428507	-1	-1	0
44.13980066	85.93146426	289.8249382	0.2296342417	1	1	0
69.34736714	91.22709337	282.9606387	0.1049860593	-1	-1	0
24.19159853	80.24638117	111.8626741	0.4623207021	-1	-1	0
52.15831792	64.6128819	262.4829168	1.234403311	-1	-1	0
89.1913543	102.2371022	180.8730545	0.4658631349	-1	-1	0
74.07619944	9.231826976	27.2314777	0.7013436247	1	1	0
105.86439	90.63741289	243.3012162	0.6460460986	1	1	0
108.2724187	115.2360159	26.62042568	0.2873020393	1	1	0
60.06518453	14.00026609	22.00046808	0.8909347641	1	1	0
112.365088	11.82987896	45.7827805	1.308806474	-1	-1	0
97.79915013	104.4484979	167.309626	0.3723966287	-1	-1	0
37.37397791	46.94044085	17.1375597	0.298126089	-1	-1	0
10.41223015	74.15383265	127.9398163	0.8191730546	1	1	0
66.30011536	83.42408645	260.1150164	0.4795288139	1	1	0
83.73075343	86.46031431	225.833493	0.5745470013	1	1	0
84.68933194	28.7554266	12.29586974	0.6401306293	1	1	0
92.60288753	88.47860393	304.9857687	0.3704333068	-1	-1	0
67.39853058	29.50450148	149.5599994	0.4407372419	-1	-1	0
10.2801143	59.53861376	148.1501078	0.9302461625	1	1	0
6.548233081	51.78988686	147.2853752	0.9306054737	1	1	0
27.32733571	60.32724082	19.74310817	0.7695597394	-1	-1	0
100.1691567	112.3506593	23.11362509	0.465505905	1	1	0
34.09578167	39.39520428	160.3442364	0.6896230163	1	1	0
17.21671261	108.8468607	126.5344252	0.03983650096	-1	-1	0
54.500788	118.1702924	16.83724357	1.168822878	1	1	0
20.86046697	101.2196493	142.4216055	0.7852242839	1	1	0
74.86240074	106.6402642	179.7204393	1.022328695	-1	-1	0
88.32131594	51.80199062	28.56987315	0.7312292742	1	1	0
49.10425791	101.6917944	354.5271807	1.350717291	1	1	0
73.48984105	60.20534786	38.68466327	0.5804775025	1	1	0
109.4477105	82.65262268	226.8479138	0.639208131	1	1	0
57.39208498	103.5032161	179.3243805	1.261915109	-1	-1	0
71.80627318	1.192451639	26.32522311	0.6081930386	-1	-1	0
32.29595012	53.41283997	283.9349999	0.1145110294	1	1	0
8.28843582	109.9817168	144.7140545	0.178275918	-1	-1	0
1.617294869	59.07864048	149.8289369	0.9304444288	1	1	0
31.70173419	83.89923932	89.93700248	1.166888718	1	1	0
101.9991351	0.9597767209	43.64499244	0.5556298114	-1	-1	0
108.0255864	26.02441379	279.9943864	0.5495918471	1	1	0
54.39853398	49.47971993	257.8617462	0.6765896444	-1	-1	0
81.0113823	100.7692545	244.1733604	0.6521087187	1	1	0
118.4418766	6.126305917	26.73609689	0.1948208032	1	1	0
23.56713771	52.80577511	16.70989113	0.7469685406	-1	-1	0
7.047649258	95.65891312	20.46401179	0.6338718857	-1	-1	0
72.0814222	99.01835562	5.928894108	1.13007139	1	1	0
85.82980124	116.5033163	25.69424768	0.7440485822	1	1	0
5.85901141	66.79843856	138.7279753	0.8380286332	1	1	0
29.8289269	68.24139816	25.45268749	1.143400563	1	1	0
40.45972842	55.16797493	3.13621029	0.02472974987	-1	-1	0
51.50808894	109.9208422	2.010680141	1.168765903	1	1	0
51.38888255	41.69309546	142.8681021	0.6898486797	1	1	0
95.91189754	6.769622531	270.2728432	0.9239205749	1	1	0
30.56723352	118.0253054	66.67722243	0.7992082937	-1	-1	0
67.59105827	43.84740398	14.74682992	0.3025298389	-1	-1	0
45.87011982	48.80780422	158.1946225	0.4919517761	1	1	0
100.9663774	84.07640563	268.2675579	0.6459858809	-1	-1	0
65.60411575	7.104388004	40.45981802	0.6079024523	1	1	0
57.8861229	80.39889615	21.61988347	1.231615937	-1	-1	0
65.34632135	58.96365374	21.17194294	0.2083162109	-1	-1	0
116.1188048	118.1639602	172.7349927	1.405162074	-1	-1	0
79.91306341	2.881611996	40.73659052	0.7955042312	1	1	0
43.20623508	107.6759946	175.6229997	0.894799383	-1	-1	0
35.43235315	61.57132159	39.13434146	1.329663696	1	1	0
79.98723404	50.98931392	132.5816928	0.359449272	-1	-1	0
3.430137026	103.2520272	9.171905363	0.1782697987	1	1	0
40.97436601	77.92182447	286.4941795	0.3076400765	1	1	0
109.9539517	3.923700173	44.43566746	0.1951900588	1	1	0
62.85487352	119.0235391	39.85796603	1.073118674	-1	-1	0
22.48083131	115.1340999	20.98394233	0.04054525877	1	1	0
71.60926378	77.12628358	48.98367545	1.137329517	-1	-1	0
78.11133054	92.83041677	300.281332	0.2937845567	-1	-1	0
88.62028312	36.06571448	10.01528622	0.4545036288	-1	-1	0
13.51318131	116.3672887	3.734302935	0.226079525	1	1	0
54.51616904	95.31488398	166.8463201	1.257250623	-1	-1	0
117.6880183	81.657424	165.1516663	0.5397918278	-1	-1	0
86.75823457	94.30116366	227.1089548	0.6510319871	1	1	0
