120	120
93.87385639	52.22751196	42.29994369	0.9915518187	1	1	0
114.7670664	60.67373721	136.6220389	1.36845464	1	1	0
26.50454139	58.20086116	44.15498276	0.8985731102	1	1	0
106.3568373	63.43252864	153.6103035	1.184230531	1	1	0
94.5881039	113.7597774	329.4877918	0.5052351441	1	1	0
83.2471281	92.75568386	51.2458689	0.7857214686	1	1	0
76.19753137	11.9873156	172.9758863	0.5906454992	1	1	0
37.41888692	28.33890293	163.1501438	0.6260185289	1	1	0
55.33363416	16.12725599	260.5523469	1.428207043	-1	-1	0
119.0055214	44.75374397	32.35654998	0.6210990466	1	1	0
47.02877312	14.84586061	58.76754504	0.5002903428	1	1	0
85.58444813	84.79159297	61.38454923	0.5991513385	-1	-1	0
32.85666921	117.4704447	203.675229	0.6955393126	1	1	0
90.45208791	8.070065675	349.1281004	0.03432846033	-1	-1	0
64.07013944	75.92130646	151.9825598	1.47597858	1	1	0
55.22934854	87.01754932	21.91968822	1.476687196	1	1	0
111.1307147	76.84115097	274.3036531	1.370100281	1	1	0
68.22920726	9.809251846	118.2256591	0.2177471492	-1	-1	0
85.49817933	54.67563606	55.45206448	0.9916087331	1	1	0
31.78702587	35.02633744	177.2936145	0.6208250376	1	1	0
33.69447067	66.18545832	244.0351076	0.8350526418	1	1	0
60.14493279	62.70841392	326.0559787	1.364106527	-1	-1	0
18.93517634	2.809849193	63.08355852	0.2445230286	-1	-1	0
104.3434447	71.58775737	313.7714246	0.8137471293	-1	-1	0
49.45267113	119.850229	232.5287189	1.05515991	-1	-1	0
71.12368017	80.84665625	64.97450675	0.7125752397	-1	-1	0
51.85515061	8.107763894	242.6057688	1.33426581	-1	-1	0
13.27319743	47.79909522	175.6255846	0.4371170397	1	1	0
119.3488858	74.6700164	314.892561	1.087723302	-1	-1	0
79.33945548	48.39206695	39.60355953	0.8974056051	1	1	0
75.20550168	95.50762732	62.39110902	0.3731170655	-1	-1	0
48.31706311	82.70036104	86.97555997	1.197260546	-1	-1	0
33.83294153	74.33567651	340.7310382	0.9288662894	-1	-1	0
49.45815944	66.16667736	305.9426592	1.020625473	-1	-1	0
7.003993991	31.14121017	307.8614258	0.7166425199	1	1	0
9.588644859	64.49649481	91.53044895	1.367551587	-1	-1	0
83.20858193	62.56567476	59.40264746	0.711965276	-1	-1	0
1.160538636	15.39485764	203.2977237	0.2517206934	1	1	0
102.3085339	49.75658606	32.20357617	0.9862643218	1	1	0
41.65336623	62.31104246	260.0379363	0.8348196121	1	1	0
43.12878363	44.32922794	258.2752319	0.3438909791	-1	-1	0
19.07695351	53.87171706	66.5333553	0.0622129859	-1	-1	0
60.06123386	9.365446182	294.1035396	0.2172566658	1	1	0
56.67667057	70.46893046	161.7921205	1.391949517	1	1	0
40.53670701	86.70173216	104.0594749	1.197431913	-1	-1	0
102.1944231	80.02041397	157.6166302	0.9091825809	1	1	0
91.68045972	60.13869179	70.18635013	0.712314373	-1	-1	0
69.48489518	89.28901792	294.6579376	0.2801647201	1	1	0
112.7528874	68.72555001	331.5340986	0.9976174077	-1	-1	0
116.8307522	52.7637709	115.6830389	1.275015636	-1	-1	0
66.60876762	67.58993627	54.06397815	0.06018347172	1	1	0
16.33707478	114.9269446	343.722901	0.4308893869	1	1	0
71.89125059	115.1980069	5.065381415	0.3096862002	-1	-1	0
48.03832625	37.63710048	38.29474717	0.6242707767	1	1	0
40.91405574	118.6997931	220.675413	0.7835216284	-1	-1	0
41.64737175	70.31112971	325.0578615	0.9286453241	-1	-1	0
7.607603444	72.35054567	62.48532931	0.03380078935	1	1	0
24.74066379	66.79472009	49.41935732	1.365381216	-1	-1	0
97.87812358	65.96872126	168.0237973	1.093489636	1	1	0
68.60151102	59.31994986	51.820155	0.05940720821	-1	-1	0
70.94734004	51.04516238	55.85592968	0.8042949236	1	1	0
0.9937028252	36.97353096	223.3373979	0.5280065562	-1	-1	0
14.21315569	9.78874427	338.5634355	0.2544086703	1	1	0
72.79296853	42.9528827	193.7192359	0.618212673	-1	-1	0
24.54115743	116.1850277	75.6535527	0.1469638412	-1	-1	0
40.91924661	78.53846587	125.6830107	1.208578964	1	1	0
100.0414321	57.74262911	82.80273806	0.7126466356	-1	-1	0
118.3362847	29.32182146	324.847494	0.5307558012	1	1	0
70.42912845	33.77047843	245.1119471	0.3523488767	1	1	0
84.26205146	14.2722069	4.646929432	0.03434613391	-1	-1	0
89.53326483	38.68292862	275.3297223	0.9907630979	1	1	0
43.58766971	6.717182013	76.68275278	0.4947449466	1	1	0
17.59560669	17.86038531	321.9258792	0.2545361029	1	1	0
30.54271642	12.3048828	198.5403474	0.6117368326	1	1	0
50.48801252	22.93366877	40.44845965	0.5002986812	1	1	0
42.21569764	21.48482357	238.9371022	0.3139615977	-1	-1	0
9.399687992	16.30337558	220.2916651	1.462155134	-1	-1	0
45.61532374	29.56200477	257.3190089	0.2536820452	-1	-1	0
34.14292239	42.88065455	230.872498	0.3431382555	-1	-1	0
86.7106245	111.288773	8.449634121	1.431262828	-1	-1	0
4.004052581	23.19179226	240.1709546	1.368887104	-1	-1	0
110.6602588	47.21259479	17.1963313	0.8069569012	1	1	0
13.99645858	78.32921366	78.23087247	0.06116739012	1	1	0
77.10491185	56.38456599	72.00207745	0.6154147774	-1	-1	0
97.58545871	97.33410308	84.96974377	0.412103949	-1	-1	0
62.1607583	32.29562109	37.10292029	0.06535812007	-1	-1	0
30.09338107	109.6174809	83.61403881	0.05384206552	-1	-1	0
94.07063471	105.475834	103.9459464	0.3190376218	-1	-1	0
25.93462159	42.60936	176.8930473	0.6219655637	1	1	0
4.305782287	88.60363251	309.5464762	1.353827043	1	1	0
23.70513442	34.41945228	237.9881718	0.3390530358	-1	-1	0
29.18538598	27.01240331	116.1698119	0.4390470245	-1	-1	0
98.38857509	9.923303754	82.0945692	0.2221597797	1	1	0
99.78769336	89.04743867	165.4906771	0.8781913806	1	1	0
17.64559105	62.1144314	177.2503052	0.3403967417	1	1	0
17.67527962	40.41030099	181.799352	0.6262802871	1	1	0
5.903174454	8.33422803	303.018514	0.06531730123	-1	-1	0
37.54185661	50.39852925	51.67819007	0.6220640369	1	1	0
89.57966445	68.37467068	65.03209924	0.7117264313	-1	-1	0
112.5759037	38.74337373	14.24140308	0.7135912258	1	1	0
29.19633385	50.27958143	215.8173712	0.4357339022	-1	-1	0
11.02766914	56.25132143	159.7877183	0.3405483787	1	1	0
81.25953526	40.39172608	211.4915447	0.6176695252	-1	-1	0
108.3809447	55.26365052	96.20486612	0.8062295474	-1	-1	0
12.53385621	24.31264798	239.1135608	1.275375183	-1	-1	0
20.85577703	26.24932584	301.6082282	0.7111685809	1	1	0
53.85549827	31.03776902	23.66341435	0.5322150131	1	1	0
47.44377886	91.02783318	6.060221855	1.383676265	1	1	0
12.38690904	86.53359806	283.0892011	1.074160634	-1	-1	0
5.935279104	80.57848651	298.4818271	1.074497343	-1	-1	0
93.70042413	82.68003224	174.4116837	0.9692664376	1	1	0
79.4197051	78.99059533	175.2727746	0.8774579392	1	1	0
58.78050028	24.17031769	18.7902488	0.0266233127	-1	-1	0
9.882584016	94.81311307	295.0727725	0.8882354123	-1	-1	0
75.07269235	64.52666746	175.0358892	1.177627796	1	1	0
35.29284018	5.40695977	203.6451252	0.4160258169	-1	-1	0
87.69764627	76.66184264	62.04222737	0.6903072575	-1	-1	0
62.96482202	84.147256	86.78925222	1.0255563	-1	-1	0
65.00312627	40.31327716	251.5842246	0.4464160603	1	1	0
87.50558465	46.62904163	195.3148403	0.7114100933	-1	-1	0
89.21436896	98.80861326	47.00180245	0.783862277	1	1	0
27.16473847	4.19315016	216.8081271	0.6140411422	1	1	0
48.74292019	74.50020113	142.6961447	1.298598183	1	1	0
78.38873065	109.5638167	63.48071896	0.6804513494	1	1	0
88.17981222	119.9897805	309.2923775	0.5892286566	1	1	0
66.99811738	25.61261861	259.9570299	0.3060127104	1	1	0
104.305452	41.64970288	216.1985581	0.6203866183	-1	-1	0
73.04118459	72.66834589	70.32343299	0.6185278273	-1	-1	0
95.8433512	74.22177561	165.8859404	1.002304023	1	1	0
92.22284521	16.20306024	68.5926359	0.2211273489	1	1	0
74.06873763	3.35136549	187.4448847	0.6824560472	1	1	0
38.76749764	13.42403014	220.628314	0.3146485657	-1	-1	0
25.71138596	18.99152429	98.91226723	0.3451803804	-1	-1	0
3.092761245	58.74609257	106.6734692	1.368425911	-1	-1	0
63.61605403	17.37997291	277.4738904	0.2175638777	1	1	0
115.4227024	21.49552717	223.5815544	1.368877218	-1	-1	0
33.14735705	82.63275396	107.8354714	1.208607867	1	1	0
1.039595475	66.58132225	148.649849	1.459667603	1	1	0
117.8052832	82.69208709	292.8937034	1.278997319	1	1	0
32.87930534	90.83113743	120.8660558	1.105821186	-1	-1	0
16.01814924	70.35708327	75.22974911	1.36506131	-1	-1	0
81.3442371	101.6728098	61.02097199	0.4020466099	-1	-1	0
91.73528279	90.83260961	71.54153349	0.5044889328	-1	-1	0
77.26422447	87.0058763	78.05196973	0.505941871	-1	-1	0
22.34221646	10.86930848	80.57644053	0.2543569795	-1	-1	0
56.13870907	78.69240782	70.51150266	1.196928921	-1	-1	0
72.70052204	103.796818	72.38777704	0.4655083467	-1	-1	0
80.21339602	117.6603082	349.3000326	0.402972216	-1	-1	0
34.84052547	57.92884188	212.7356748	0.621257348	-1	-1	0
81.23847116	70.83424611	69.61059138	0.6184616696	-1	-1	0
95.91156796	43.97269468	207.1201508	0.6257536552	-1	-1	0
33.99433919	20.33953617	180.2474317	0.6251938222	1	1	0
21.35954222	108.1947889	62.70094935	0.1466834303	-1	-1	0
39.88460727	36.21177133	243.3285541	0.3449184617	-1	-1	0
96.51879613	1.785671187	232.5902391	1.435498606	-1	-1	0
9.557018734	39.15107157	240.7855926	0.5314676454	-1	-1	0
10.82237113	1.777211847	355.9605246	0.3451775178	1	1	0
5.333110311	50.13268374	96.62240451	1.461181177	-1	-1	0
15.25523053	32.57559047	225.8455978	0.618617242	-1	-1	0
82.13265359	6.043337595	358.9207507	0.1272692373	-1	-1	0
