120	120
69.13557158	97.97393914	264.3388891	0.517377454	-1	-1	0
72.49049294	69.27386028	31.65980041	0.7813719525	-1	-1	0
106.0234171	36.09141172	263.9769141	1.123635216	-1	-1	0
91.8121374	96.73410313	164.1708295	1.172510367	1	1	0
30.84305008	20.37049397	221.1758088	0.6680649789	-1	-1	0
64.29866007	72.49883499	49.69308296	0.8745069305	-1	-1	0
39.86250824	8.752555497	142.0509025	1.035289538	-1	-1	0
75.89476038	52.67673566	253.5847676	0.8544910687	-1	-1	0
31.22029088	82.15602594	267.3003796	1.24560377	-1	-1	0
75.73558904	91.89803184	257.5403195	0.7023432143	-1	-1	0
62.92653921	33.48797004	347.1609849	0.7466009664	1	1	0
22.18067615	21.20690186	239.3746886	0.6670088983	-1	-1	0
34.46859127	91.13423535	272.8872772	1.431957223	-1	-1	0
54.20916685	4.422897445	269.789818	0.02028331725	1	1	0
98.43877937	32.71813904	190.9836136	0.9854161152	1	1	0
51.77860096	94.79074528	274.3578806	1.267297692	-1	-1	0
74.64293263	26.44202822	152.4181582	0.9875391088	-1	-1	0
48.45224823	10.43667786	158.9319496	1.040939713	-1	-1	0
13.96949446	4.504891945	49.91246154	0.6598414535	1	1	0
99.73032513	52.32120673	99.32239765	0.3893859448	-1	-1	0
77.43836502	44.41972695	355.7630765	0.09946809791	1	1	0
70.26216701	38.73296703	331.295876	0.7479882905	1	1	0
54.4945915	44.80377327	108.7740357	1.119149801	1	1	0
111.1531512	28.14496754	23.27451313	1.310333465	1	1	0
42.90474068	93.32780365	260.3712523	1.342822746	1	1	0
93.95982048	104.8467581	136.1573008	0.89502889	-1	-1	0
17.44918115	13.55435183	219.5181258	0.3826393186	-1	-1	0
1.190332575	57.53517708	27.88017261	1.144359426	1	1	0
31.8148528	65.66444823	15.21113058	1.048228644	1	1	0
119.9540395	42.77479634	266.3381865	1.225694458	-1	-1	0
39.90319196	34.68487496	144.1670323	0.9336916383	1	1	0
78.62771245	36.10462938	145.3869744	1.128420252	-1	-1	0
40.12993831	107.2733583	283.2920591	0.4299653544	1	1	0
89.94008836	32.51065202	67.39650264	0.6122944814	-1	-1	0
34.25984489	113.2820979	244.8386076	0.1990428004	-1	-1	0
0.88593384	106.4906837	261.9283204	1.216117482	-1	-1	0
34.75303041	58.09643415	253.2265906	0.8604616817	-1	-1	0
70.75752985	77.49283889	71.9147163	1.060545541	1	1	0
82.65881195	28.73587809	138.4086886	1.359981894	1	1	0
117.688856	0.2229745998	24.72525069	0.4683522061	-1	-1	0
51.62125539	116.5887248	280.6855746	0.2996002023	-1	-1	0
89.30612609	23.4345347	141.5617505	1.270080274	1	1	0
98.60634433	2.496154199	47.43206492	1.452341397	1	1	0
31.22719085	7.104705247	123.08345	1.035526599	-1	-1	0
69.43797687	85.74465327	277.0850789	0.7018933702	-1	-1	0
61.71891799	49.96057963	89.85545824	1.122204781	1	1	0
31.58311728	105.5670041	303.5884682	0.2022870626	1	1	0
85.80085611	103.0922353	148.2046772	1.172462437	1	1	0
52.98016778	80.46227606	270.5492391	1.073278159	1	1	0
69.3520919	46.9324229	269.3307454	0.8450639951	-1	-1	0
119.8378977	28.67616198	251.3319964	1.124084458	-1	-1	0
20.09581463	118.339902	63.56722946	0.9392853964	1	1	0
22.28190526	6.258391753	233.579232	0.01057041803	-1	-1	0
18.05024257	87.74059868	136.5269769	1.308640406	-1	-1	0
23.09444975	103.6660303	319.995719	0.09781635055	1	1	0
11.98059087	116.3951619	4.049440511	0.2874584759	-1	-1	0
13.21459614	35.42312163	252.5860319	1.122817754	1	1	0
107.7355415	50.80403116	25.61266306	1.415177644	1	1	0
82.27342368	57.83172278	229.9512905	1.153195619	1	1	0
100.8421941	10.78058745	256.5261391	1.079843167	-1	-1	0
102.4847624	43.70955324	9.763329442	1.399198976	1	1	0
115.127944	112.4685317	165.9264914	0.09610795405	1	1	0
17.53151416	42.44867969	270.6892388	1.229586224	-1	-1	0
45.66219881	2.728316022	26.1059586	1.229866812	1	1	0
77.32495339	83.35028164	93.1113273	1.060520484	1	1	0
4.814540273	50.06800183	251.0290545	1.22717847	-1	-1	0
13.41159097	49.76838484	11.39206844	1.233486215	1	1	0
37.07187959	1.06407905	44.05746901	1.128643523	1	1	0
17.97884556	57.29078392	27.28302345	1.046934357	1	1	0
65.89009944	64.17990107	195.6715024	1.157094956	1	1	0
83.73584233	95.05359236	263.8041046	0.8000393652	-1	-1	0
111.1392281	43.37329939	248.6195297	1.217295307	-1	-1	0
17.56733936	28.34576022	250.1644774	0.7593078345	-1	-1	0
92.76779966	48.08520862	10.52950203	0.7614028845	1	1	0
71.0935921	8.946654269	301.2864979	0.2090970063	1	1	0
97.73010629	24.61292681	26.00316749	0.9855612266	-1	-1	0
95.06468109	16.8642807	159.0160221	1.264917925	1	1	0
13.4906822	21.15227215	276.4587739	0.5675055494	1	1	0
112.7225333	57.43817127	124.6697802	1.042638415	-1	-1	0
54.97570317	102.8282259	263.2596028	1.08135893	-1	-1	0
78.93918017	11.8473391	147.3596459	1.080629487	-1	-1	0
36.84126253	76.19079319	45.81761139	1.354055751	1	1	0
20.84571032	95.82075158	131.8417623	1.401706738	-1	-1	0
74.44489453	115.121654	166.2699741	1.44974808	1	1	0
44.89790459	78.18588237	24.73083687	0.8884817615	-1	-1	0
94.57905202	39.98523267	90.60249418	0.6132301316	-1	-1	0
103.6425218	18.70002674	144.9976401	1.26603126	1	1	0
115.5456722	21.16372704	265.2059545	1.03129292	-1	-1	0
55.63728998	28.36722335	4.182322144	0.7440011011	1	1	0
62.56311864	81.02309196	50.4817883	1.072467266	1	1	0
55.04296542	36.49563478	229.7854455	0.5601026047	-1	-1	0
23.52640048	65.22633878	250.0272445	0.7699450126	-1	-1	0
3.816358257	114.2043449	280.9171181	1.399680164	1	1	0
114.9073463	35.60106868	253.2604009	1.124171031	-1	-1	0
74.06761027	60.92189015	212.6928673	1.153139121	1	1	0
39.00093466	51.02363535	249.2002442	1.240205072	1	1	0
62.26430105	41.61133418	248.6629775	0.6535210709	-1	-1	0
42.90646847	114.9390639	263.113108	0.3836041465	-1	-1	0
12.1248472	94.0428909	133.0392759	1.308964982	-1	-1	0
77.05204032	100.295486	171.872661	0.7025649429	1	1	0
82.81578523	117.56837	184.429945	1.373316948	1	1	0
14.63495897	101.6562805	55.72442204	1.402118607	1	1	0
57.80189151	110.7034758	137.3518531	1.448399272	1	1	0
48.6869721	108.8442789	264.4043578	0.7093241344	1	1	0
22.1837437	35.15578537	266.9094514	0.8579209242	1	1	0
4.042658735	21.48974434	248.9323204	1.402386008	1	1	0
26.37785746	88.84102904	287.8230739	0.03667562304	1	1	0
25.95498573	13.59588391	37.37940563	1.315008279	1	1	0
73.24462372	18.15928025	269.9290366	1.174047759	1	1	0
68.65378951	0.9449245184	148.0483622	1.32656398	-1	-1	0
78.97231554	74.33636999	88.75415924	1.060303336	1	1	0
17.34110152	110.0582257	45.23226656	1.401584554	1	1	0
31.06528438	35.57082394	251.8803911	0.5756148185	-1	-1	0
63.31198836	103.8726309	53.62350188	0.05383591059	1	1	0
62.64677182	6.6727051	284.9847457	0.116079771	1	1	0
116.4377996	50.07187886	9.729916667	1.322081503	1	1	0
67.52017937	55.93876761	265.2606379	0.8757757311	-1	-1	0
29.12933775	97.09415273	295.8474957	0.03667564051	1	1	0
66.02316401	112.8623243	47.97044285	0.05120180576	1	1	0
47.8021009	31.39452453	211.842015	0.467167308	-1	-1	0
39.35404113	84.62420304	287.7767111	0.02642097759	1	1	0
72.06417264	107.1700844	25.77891377	1.353908939	-1	-1	0
80.69517095	66.08166835	14.83797578	0.7797325814	-1	-1	0
35.39559058	27.71361736	230.1401291	0.5756123066	-1	-1	0
26.33613106	43.02796699	252.7185362	1.043208125	1	1	0
92.71067372	8.303260415	265.6855251	1.172926028	-1	-1	0
90.70823893	119.7466559	250.7684759	1.173011504	-1	-1	0
80.61688848	109.5741192	10.02447377	1.078512739	-1	-1	0
28.94895055	73.34689835	252.4599534	1.048252227	-1	-1	0
47.60233846	86.52006751	37.16573793	0.8867490526	-1	-1	0
86.08391636	39.97322554	316.3499705	1.136425335	1	1	0
8.667125681	28.32820704	269.3937187	1.216875104	-1	-1	0
90.32748467	55.81086992	250.9237943	0.6679337318	-1	-1	0
77.04385196	3.25115365	131.4494385	1.23549128	-1	-1	0
26.47749803	57.45921373	16.02232963	1.046844836	1	1	0
46.6599933	47.82967094	108.273092	0.8397550215	-1	-1	0
37.1764549	99.50328557	264.7950976	1.340218033	-1	-1	0
8.706493487	42.5113519	253.3494848	1.134016406	-1	-1	0
9.680903631	57.51585709	10.68066473	0.3940062143	-1	-1	0
56.46100456	12.72229177	280.9347332	0.1170104056	1	1	0
57.18968656	87.6180564	256.1724682	1.263235438	-1	-1	0
9.414168725	107.9387434	246.9313744	1.307499914	-1	-1	0
47.26905409	39.67803064	126.6865167	1.025951811	1	1	0
28.42488234	119.4283831	62.91979965	0.9397515857	1	1	0
27.06143099	28.07285214	273.531932	0.9485346251	1	1	0
60.2210766	118.7750714	164.9244002	1.419352607	-1	-1	0
6.079263544	100.0800095	41.00947343	1.40226342	1	1	0
86.85954332	14.64507378	151.5038064	1.265625187	1	1	0
60.04784991	95.7536847	42.6389109	0.05390683735	1	1	0
84.20252125	49.48505147	234.9857093	0.7613828839	-1	-1	0
5.936412617	2.659840361	19.93623427	0.3751153705	-1	-1	0
30.63605835	50.2646852	270.2158829	0.8567302693	-1	-1	0
25.64128731	111.5031172	228.0044491	0.01585515379	-1	-1	0
39.45814648	42.77265893	88.1668294	0.7746915198	-1	-1	0
4.23725069	35.53739664	271.3436154	0.5635050727	1	1	0
45.84162122	101.079038	282.8807822	1.26690979	-1	-1	0
88.90416412	111.3541164	164.8378817	1.266296194	1	1	0
84.8447512	6.085638268	169.7053279	1.359080867	1	1	0
21.85067105	50.11911685	254.3627964	0.9514090668	-1	-1	0
81.08259609	20.39297493	166.1103896	1.080479126	-1	-1	0
