120	120
61.95581196	104.1760768	316.7680602	1.025271658	1	1	0
51.85680017	114.1846734	87.06394641	0.1185193241	1	1	0
14.01246636	109.5540744	278.6304442	1.348185118	-1	-1	0
60.15428326	16.15166467	84.54635879	0.2497439025	-1	-1	0
45.24095323	54.86029415	154.93727	0.4071495929	1	1	0
89.01788975	63.32757316	20.20284909	0.967156967	-1	-1	0
66.19626249	118.4835954	313.5550882	0.3906253937	-1	-1	0
106.6010535	116.7302674	160.8935006	0.03148991741	1	1	0
67.28215323	77.25108365	140.053199	0.4043160444	-1	-1	0
89.48734676	80.52438275	320.4772834	0.9657929331	1	1	0
20.17543002	115.407889	282.9962113	1.250065928	-1	-1	0
13.3735873	56.50549918	121.7080224	0.09644959048	-1	-1	0
99.52016158	112.4961706	208.0094652	1.429865806	-1	-1	0
67.21725426	68.87567109	191.4891559	0.5908244553	1	1	0
59.88355311	72.76220145	158.1401833	0.2181082026	-1	-1	0
47.80022814	33.30221047	142.0572555	0.5697771421	1	1	0
119.3600689	38.42431484	344.6162434	0.9909381235	1	1	0
11.86082246	117.6259878	95.09376097	0.324982075	1	1	0
5.677183233	112.0032578	290.2980425	1.339807453	-1	-1	0
74.12428523	63.93783834	136.4153649	0.2176299998	-1	-1	0
78.031081	100.2641259	177.3282673	0.8741190858	1	1	0
74.4617669	54.7522777	309.5699228	1.427113619	1	1	0
67.3514937	58.80603659	138.3014297	0.2228646969	-1	-1	0
103.9600006	97.38242832	146.7892028	1.260157153	-1	-1	0
64.47464412	31.16497952	101.2214249	0.2477352169	-1	-1	0
21.25395799	43.87944569	241.3844472	0.6488532152	1	1	0
81.0111063	41.37429365	40.44747387	1.341226473	-1	-1	0
7.738857713	103.9040412	328.2814613	0.04429086416	1	1	0
30.37130348	15.56406662	295.0984628	0.2211217562	1	1	0
6.064413501	43.31723655	348.0930876	0.8998062894	-1	-1	0
44.7405252	40.85179307	128.017135	0.383753984	-1	-1	0
28.74389836	65.31796344	81.99999851	0.2201050835	-1	-1	0
22.68728771	107.4191093	93.00364295	0.04278155723	1	1	0
59.21202772	24.36327125	152.8616363	0.5510052663	1	1	0
44.68918367	80.34289607	47.65022367	1.241341895	-1	-1	0
111.8226984	76.00893037	167.557044	0.5954545797	1	1	0
53.86565951	106.108335	279.5718419	0.8654133481	-1	-1	0
21.28360787	26.80667472	270.7527168	0.1285112266	-1	-1	0
118.8490355	47.13964917	0.1677814726	0.8993020649	1	1	0
88.97235049	54.50547524	6.270581703	1.06133162	-1	-1	0
69.8694678	102.0278298	57.80620748	0.6523609704	-1	-1	0
96.18461757	68.07029323	198.8247975	0.6860690064	1	1	0
40.44762778	47.72056297	162.0061978	0.386375432	1	1	0
103.8831916	72.20647489	184.4263897	0.6877405428	1	1	0
6.636588821	34.53621393	4.743631298	0.7142048643	-1	-1	0
17.83874988	3.828665428	296.6698327	1.148747826	-1	-1	0
47.4329167	10.68876298	65.27820939	1.425860268	-1	-1	0
37.94230009	66.68891424	46.30398118	0.7789322703	-1	-1	0
62.15152441	39.23822648	154.8034451	0.5692097131	1	1	0
58.37587257	89.60415761	290.0545312	0.6395158565	-1	-1	0
13.77054028	47.76887249	4.534082076	1.400029198	-1	-1	0
76.1328916	108.2886839	75.2256892	0.5018560824	-1	-1	0
89.86318403	88.73186951	258.7695591	0.6864357391	-1	-1	0
39.0256729	103.2667581	298.5101883	1.340069692	1	1	0
110.9798227	109.7790473	28.27825837	1.308041067	-1	-1	0
60.37602519	63.66923259	146.2442084	0.2181652165	-1	-1	0
58.40842616	46.74637102	124.5953573	0.3857467656	-1	-1	0
41.49720333	4.600843951	71.76884772	1.332729387	-1	-1	0
111.8099128	42.68957267	111.2530425	0.7015170327	-1	-1	0
9.959827214	6.438731958	74.68781059	1.05911007	1	1	0
104.3959809	89.09415228	299.947495	1.443476093	1	1	0
28.09251442	48.75317523	339.4554973	0.2033251454	-1	-1	0
22.44441949	18.10939482	288.4675936	0.03554769761	-1	-1	0
28.30315026	56.97587465	243.5443904	0.4975688419	1	1	0
66.81390831	49.99008014	149.5610987	0.3162032639	-1	-1	0
87.38512782	0.9955708673	290.050628	0.4711758035	1	1	0
79.55747051	3.07787559	86.1045504	0.475072806	-1	-1	0
56.08907881	97.9045755	282.9461914	0.8265331276	-1	-1	0
74.96858151	89.47252891	258.657227	0.5933809646	-1	-1	0
67.25982113	22.78788759	86.0492604	0.2477245888	-1	-1	0
52.79025227	58.97370214	163.6370612	0.2203446447	-1	-1	0
81.86024756	76.38423071	337.9054093	0.7786731598	1	1	0
60.13298096	54.9158219	181.5825965	0.5940275765	1	1	0
111.01147	51.1438613	336.4741442	0.8776503167	1	1	0
74.67548302	72.58599831	122.2701825	0.4034907249	-1	-1	0
104.6615187	37.99260843	109.1927896	0.7017417628	-1	-1	0
25.89066654	1.432005227	331.4947379	0.1330920545	1	1	0
70.39598956	37.7626951	83.7105742	0.2495016147	-1	-1	0
7.351940541	95.75659741	151.2805219	1.347986555	-1	-1	0
88.88616044	72.14551122	3.897007828	0.5929163897	-1	-1	0
118.9805562	97.72639505	148.7432111	1.257725879	-1	-1	0
58.16083388	0.5611029581	64.39786503	0.3050612463	1	1	0
45.56028505	108.6997818	294.887755	1.055522508	-1	-1	0
96.64850863	76.28006393	19.63141057	0.5007984446	-1	-1	0
113.5400031	1.147045742	209.4796269	1.3369606	-1	-1	0
37.89663561	75.28893005	286.5839351	1.427702061	1	1	0
28.70414388	113.5652745	297.6762036	1.154271746	-1	-1	0
55.68628897	9.125799268	76.32505095	0.3042630568	1	1	0
110.9354525	59.6434588	327.3307539	0.6913973669	1	1	0
72.5095011	29.34265042	277.3280806	0.5273536335	1	1	0
111.508098	101.3576683	321.766864	0.004495822399	1	1	0
14.79014275	21.32635205	70.20447347	0.3146457956	1	1	0
49.88437331	2.496993792	65.76311897	1.425022076	-1	-1	0
59.9656457	112.3223026	295.0453148	0.5854825576	-1	-1	0
38.46355189	12.32707845	312.5642378	0.1283627844	1	1	0
71.65912712	4.885916016	294.1389386	0.6610998629	1	1	0
13.8975004	30.13173644	87.76377123	0.2511869436	1	1	0
74.46895849	116.5225297	280.1769417	0.7537636739	1	1	0
56.30172978	32.57597599	138.4764415	0.5614834892	1	1	0
23.66033975	9.944868599	312.4703948	0.2215541882	1	1	0
103.3406995	54.64933332	239.0207643	0.5997649808	-1	-1	0
91.04839167	113.0757017	304.777277	0.3759509016	1	1	0
49.80986032	48.06965797	139.971864	0.3914581335	-1	-1	0
20.64847815	52.59043436	225.7265654	0.4662418691	1	1	0
74.01951691	45.83838923	198.8092554	0.03410565978	1	1	0
51.21229004	25.64573267	234.8916284	0.3694419095	-1	-1	0
103.8456178	105.5813083	339.4827474	0.09715192699	1	1	0
32.48359616	97.33303057	313.9803822	1.340021432	1	1	0
13.37317829	39.47789895	217.2870545	1.183274591	1	1	0
63.5830589	6.91718198	297.8828148	0.2119171165	-1	-1	0
94.93098511	105.1773038	319.7594691	0.2842516883	1	1	0
31.79296521	7.387417287	64.51641939	1.336212236	-1	-1	0
74.47995142	81.08676716	321.0546968	0.5922368181	1	1	0
88.41893618	46.01558216	323.3155986	0.7822682134	1	1	0
96.7990513	41.94481966	120.818321	0.7834602276	-1	-1	0
15.67678319	12.71908307	274.7947382	0.2179165834	-1	-1	0
103.2824936	63.39385453	246.3390975	0.5053051305	-1	-1	0
117.9199829	114.3332947	82.26656625	1.430103084	1	1	0
3.844330846	0.5352238391	274.0532802	1.15219072	-1	-1	0
82.5657705	92.81498841	192.7527794	0.9672350555	1	1	0
45.85805406	63.53822403	172.5809944	0.6857593977	1	1	0
6.238488308	51.91453515	345.1385894	0.7131734217	1	1	0
112.4641149	34.01224143	123.6091817	0.7013039114	-1	-1	0
60.01451486	81.26128587	63.11172074	0.7793043293	1	1	0
81.21796496	50.1210651	24.57108507	1.154896629	-1	-1	0
81.77663697	67.63899095	321.8208324	0.7790035481	1	1	0
103.7678995	46.26850504	346.924782	0.9707713374	1	1	0
82.7041378	114.0422217	86.40048128	0.2851791477	-1	-1	0
96.02305009	58.971431	321.3756605	1.246603361	1	1	0
111.909547	84.70845949	181.3284026	0.2323654323	1	1	0
64.54959227	95.1414735	197.9151102	0.6524511728	1	1	0
30.92603567	105.3607945	292.9677041	1.154272347	-1	-1	0
96.7840433	93.40566583	317.0032255	1.445371749	1	1	0
43.45384345	116.6246368	76.77932457	0.02887466454	1	1	0
52.12268954	76.22054283	304.9886394	0.2170251296	1	1	0
34.60089291	119.4705188	313.0097297	0.03902259421	1	1	0
119.7797951	29.6840343	326.2531405	0.9005085186	1	1	0
97.14155852	84.66484669	303.6719038	1.260998294	1	1	0
37.22698672	111.3589457	310.4919924	1.150297175	-1	-1	0
104.5393149	80.39686561	32.44163935	0.5006866134	-1	-1	0
47.40684808	100.5848829	312.5365398	1.246780022	1	1	0
86.67792261	106.0784961	72.54079689	0.09663490327	-1	-1	0
52.93082688	67.8721331	150.4148192	0.1248965651	-1	-1	0
36.15022885	54.59614434	128.1291186	0.4975535739	-1	-1	0
68.40076307	14.63695822	154.8973982	0.5292576056	1	1	0
119.166886	105.8243323	73.69621131	1.34833333	1	1	0
82.18777436	84.52794255	242.348233	0.6851459781	-1	-1	0
7.086653003	25.74765078	23.72970162	0.5281610757	-1	-1	0
53.02936265	40.42081724	128.6381348	0.5699764093	1	1	0
75.63409415	21.332117	93.36789872	0.1541159424	-1	-1	0
111.5687841	93.06151986	162.4192902	1.257875319	-1	-1	0
118.3227077	55.27433933	231.7018827	0.5272249702	-1	-1	0
68.13037081	110.4119819	298.1556618	0.8390216334	1	1	0
81.62116319	58.95821943	12.75855194	1.153769089	-1	-1	0
45.20489892	71.65838199	64.35239593	1.241331991	-1	-1	0
66.68690997	86.70738318	271.587039	0.5920882626	-1	-1	0
21.03396572	60.98154863	101.3632051	0.1269697557	-1	-1	0
110.8793462	67.74267874	259.4881956	0.4089775377	-1	-1	0
37.14871505	20.50543248	189.0937021	1.339630977	-1	-1	0
95.93519118	50.19469188	333.9976101	1.060822874	1	1	0
