120	120
38.99395394	75.10760243	290.5662892	1.285933758	-1	-1	0
63.16644889	51.11038426	208.1947911	0.4634138275	-1	-1	0
36.79288538	104.2664678	172.4672021	0.1752535183	-1	-1	0
36.00423176	31.35480083	124.5547284	0.2832439757	1	1	0
79.50049445	107.9967744	301.32387	0.08918649646	-1	-1	0
10.72380364	49.14921657	89.40935771	0.2508488512	1	1	0
7.283973213	106.9261133	303.1601317	1.306456977	-1	-1	0
9.402112686	74.78940351	249.0408122	0.01692978173	-1	-1	0
34.72255758	39.90934959	115.2042281	0.1899518131	1	1	0
72.1163901	39.24864681	104.4781379	1.300441324	-1	-1	0
90.87458511	75.2144338	83.34931639	0.4721040935	1	1	0
82.64605804	99.76468638	284.0050603	0.1679972092	-1	-1	0
33.68029882	48.14381279	22.02641604	1.223124486	-1	-1	0
24.38920583	66.89807688	86.50425232	0.1693470425	1	1	0
65.40430602	34.32956566	129.2323282	0.3656183758	1	1	0
71.46167155	47.4216832	131.6941829	1.110538442	1	1	0
97.66959333	119.7118002	187.1112892	0.1820267965	1	1	0
101.208707	14.33763858	164.858226	0.002964183728	-1	-1	0
114.925483	18.44271959	182.0111486	1.397685923	-1	-1	0
3.825564741	92.4666816	58.43156641	1.228701759	-1	-1	0
67.2458279	17.90867397	268.4204165	0.2818117863	1	1	0
98.33013651	22.31063142	202.1706126	0.09539652797	1	1	0
92.69762012	113.0878328	78.17831377	1.486918823	-1	-1	0
5.977290839	8.893234091	298.7491523	1.304045653	-1	-1	0
18.16480698	53.26003348	130.2678041	1.410142875	-1	-1	0
117.7801802	10.52338717	198.7639995	0.09383612552	1	1	0
43.85137341	28.42904735	242.2149833	1.400985378	-1	-1	0
66.29449392	85.37801241	164.1023474	0.2599192753	1	1	0
89.64256276	1.402339531	94.32882681	1.488848012	-1	-1	0
105.8291009	118.198279	311.488155	1.116389812	-1	-1	0
101.2955959	88.43955975	223.6243114	0.2866620769	1	1	0
93.11401322	90.23487357	159.9219806	0.4667577897	-1	-1	0
79.30444778	85.40581334	71.50805089	0.6573136597	1	1	0
111.6405291	4.645403115	300.7457792	1.302783105	-1	-1	0
44.44914511	20.21926686	250.1889934	0.1894814441	1	1	0
79.27730053	44.4096992	89.73595031	1.110083918	-1	-1	0
25.51174003	49.56010519	120.1435857	0.105677382	1	1	0
88.00542777	83.53360431	95.44794951	0.5657809686	1	1	0
112.2386215	101.3733389	163.8628056	1.401046256	-1	-1	0
87.56157365	32.7009851	329.4403302	1.399962917	-1	-1	0
10.26708193	66.23300369	308.2257382	1.473355589	1	1	0
68.1606604	117.3043721	220.4736605	1.483587363	-1	-1	0
76.65877564	61.46699846	134.9345977	0.8383513748	1	1	0
110.0965297	87.12060906	236.9048925	0.2089993591	1	1	0
73.27747481	30.62770624	144.7211788	0.2770865697	1	1	0
42.65784965	36.7241705	119.2356093	0.1901969934	1	1	0
61.74770346	68.24100614	223.5274618	1.211857528	1	1	0
78.3346875	52.75568785	148.4883618	1.022392972	1	1	0
79.06039878	10.91999342	320.0100883	0.3699095733	-1	-1	0
71.27039147	109.3936275	301.4483364	0.4471442044	1	1	0
74.31492734	78.89830654	295.0428138	0.5668050132	-1	-1	0
106.7528861	20.77914606	199.0607157	0.09604388986	1	1	0
119.9938197	2.577612051	316.5646787	1.30232427	-1	-1	0
37.35462891	112.7256321	37.52167504	1.104684701	1	1	0
42.92941682	82.64191153	276.4652244	1.379114352	-1	-1	0
31.37233887	71.18659482	278.9534276	1.38010263	-1	-1	0
62.27897862	59.41297736	244.0992762	1.022139525	1	1	0
79.831691	35.90192881	148.5518792	0.2760738285	1	1	0
90.84993811	98.1685987	96.11679251	0.6342601416	1	1	0
114.3087922	116.6084737	79.38077375	0.09221503037	1	1	0
94.64077564	67.78911134	51.0759011	0.2857237234	-1	-1	0
103.9897991	103.2990477	221.8423342	0.3750064666	1	1	0
106.9268067	95.0724072	238.5042531	0.2861953455	1	1	0
44.48952315	107.3516646	17.51841725	1.477246151	1	1	0
26.51781976	41.62358966	120.2083241	0.005009059289	-1	-1	0
87.20955302	9.337739294	64.0431632	0.2798588824	1	1	0
81.24464301	27.01353313	163.9165414	0.3736000677	1	1	0
59.45153195	20.83907959	310.4951396	0.002731358421	-1	-1	0
82.25183557	76.94327951	84.16221492	0.5652710745	1	1	0
51.12737696	85.02461033	282.4345449	1.379934304	-1	-1	0
3.223801336	52.60269778	265.2846954	0.1556912149	-1	-1	0
69.03629699	64.33937388	229.3517855	0.5618223056	-1	-1	0
1.417641447	77.37612657	226.881494	0.1966314342	1	1	0
17.69276933	62.08121379	145.7429631	1.413902231	-1	-1	0
1.816114787	100.7254105	98.59340711	0.09688139217	1	1	0
50.62173064	33.03273639	130.755249	0.1894641684	1	1	0
66.41004769	26.14123007	325.7850951	0.0002240215269	-1	-1	0
66.42460649	93.77122117	61.12143953	0.07405813856	-1	-1	0
76.60615946	93.34373816	297.7739319	0.1912490586	-1	-1	0
30.4167812	117.1420731	302.5226969	1.037319093	-1	-1	0
70.47125945	55.70961042	212.8242387	0.5568171485	-1	-1	0
49.81540745	41.45992943	357.5551614	0.9345204989	-1	-1	0
95.42281748	7.909428466	178.0312347	0.09363286388	-1	-1	0
2.302878614	69.06439727	270.0282136	0.9411956429	-1	-1	0
77.65832912	69.79297709	77.15330516	0.7451067316	-1	-1	0
6.674446628	84.80423215	208.3963064	1.140385629	1	1	0
41.7450864	45.02529296	12.26860345	1.120920194	-1	-1	0
95.87300375	104.8998167	160.570064	0.09367867487	-1	-1	0
52.29060421	16.45065432	264.4989325	0.2825563262	1	1	0
2.605841745	114.2613588	301.3895348	1.306456546	-1	-1	0
52.23186939	110.5447908	179.0705631	1.102772536	-1	-1	0
64.26627464	42.80381766	138.7970404	0.7380636188	1	1	0
36.46516286	95.127358	46.50232998	1.474065917	-1	-1	0
103.4890095	6.174453157	201.6070889	0.0920968682	1	1	0
23.09048463	1.173263665	260.7853888	1.316666122	1	1	0
44.13336421	99.14735129	58.56372971	1.297097387	-1	-1	0
51.64145475	24.69954689	326.9207758	0.00300252307	-1	-1	0
29.64417858	108.6549664	21.59433984	1.125488245	1	1	0
104.0798191	28.98412887	185.2586076	0.09690016743	1	1	0
47.46237704	67.34570924	113.6600126	1.284800237	-1	-1	0
58.46575691	80.9371515	179.8799015	0.1666781386	1	1	0
66.53575236	102.5268171	69.74352928	0.2608963303	-1	-1	0
48.31599585	49.84655654	107.2682457	0.8412567098	1	1	0
58.44703343	29.11553623	143.972166	0.2635227732	1	1	0
100.9340279	111.5127709	204.3246551	0.367109205	1	1	0
59.40092248	106.3615949	21.73539383	1.4741976	1	1	0
51.66072594	102.275401	34.5761335	1.474276547	1	1	0
73.13940077	4.256098777	50.96677833	0.2761742675	1	1	0
2.879734778	60.92514623	325.0621541	0.764746015	1	1	0
95.77411461	30.10213254	319.3345259	1.399168027	-1	-1	0
83.77109134	17.87509756	193.6460889	0.7474821982	1	1	0
7.920861751	0.6847791642	60.56777689	1.488322156	1	1	0
58.88901679	89.22623039	299.8987511	1.470405308	-1	-1	0
57.68854755	37.58015923	344.6770691	1.022091185	-1	-1	0
22.51400167	104.2835195	304.2834969	0.9440852702	-1	-1	0
31.78207935	62.69734062	268.7410487	1.409713558	-1	-1	0
99.65812927	74.22855534	98.40167418	0.4739216125	1	1	0
55.16701574	54.62841975	222.0327836	0.2770601809	-1	-1	0
11.21861087	40.84908255	258.4045601	1.461554636	-1	-1	0
55.00570207	63.42799142	106.5365788	1.306637231	-1	-1	0
35.8245509	87.05263015	69.53774287	0.1735656481	1	1	0
51.52907884	93.67639854	291.3180134	1.470075948	-1	-1	0
15.47562084	117.6277245	300.9711434	1.130795291	-1	-1	0
39.22077579	66.94734136	298.5918169	1.37912669	1	1	0
18.39334009	44.73428345	104.1218206	0.1056967163	1	1	0
76.49094161	116.2275598	217.6400071	1.486057599	-1	-1	0
74.34608703	22.39691474	308.790887	0.001056957165	-1	-1	0
81.50932797	2.774695686	47.52781604	0.276169849	1	1	0
59.06004707	97.69551122	28.94253884	1.469663702	1	1	0
84.95590116	91.76928477	80.31273676	0.6570352057	1	1	0
43.70589554	90.90135046	56.02038824	0.1700052919	1	1	0
87.69899566	106.3500721	79.95105927	0.4619356555	1	1	0
47.16557045	75.44028059	117.1027705	1.47227445	1	1	0
104.7670145	80.85587016	266.3727541	0.007567613146	-1	-1	0
117.2805273	108.091925	101.9816491	0.09725176816	1	1	0
17.18779891	70.76631105	162.2391567	1.413866772	-1	-1	0
89.56847316	24.44135761	176.6572997	0.468243661	1	1	0
109.2784326	12.54898546	215.2209536	0.1173338565	1	1	0
86.92525218	40.9389588	164.4347396	0.179447332	1	1	0
24.0083326	75.62715206	68.91797538	0.1864443955	1	1	0
56.30377585	46.30998745	122.8152394	0.837262044	1	1	0
29.5842362	99.95533485	36.95455656	1.21922214	1	1	0
74.52839388	101.2244792	316.7664068	0.4447641847	1	1	0
55.11192215	73.01235661	111.0030881	1.194064887	-1	-1	0
109.2462475	109.6564606	282.8242778	0.09535816988	-1	-1	0
22.77418067	112.9796388	318.790015	1.037216954	-1	-1	0
69.10813963	72.6875072	210.0338842	0.9339724607	1	1	0
48.07133437	58.83162702	121.3526697	0.4685521417	1	1	0
15.35110294	109.2668479	137.1691308	1.410054101	1	1	0
31.78387785	79.41730904	58.13172426	0.1734636558	1	1	0
92.13469691	16.38280893	192.5914165	0.4688447328	-1	-1	0
24.91647662	58.21409861	103.7018489	0.1060139544	1	1	0
84.58273083	114.5749856	62.45739752	0.3685683749	1	1	0
112.3175639	26.83642733	198.3966036	1.306702225	-1	-1	0
96.08261511	81.73841525	181.4790281	1.402959065	-1	-1	0
98.96662944	96.69138579	143.7548128	0.2805008983	-1	-1	0
115.6223617	93.71079296	226.0384043	0.2083906163	1	1	0
112.9755449	79.01681977	221.4192889	0.1158190553	1	1	0
10.51062229	57.53542361	144.000054	1.473181879	-1	-1	0
118.291548	85.5206283	42.03367962	1.140446907	-1	-1	0
