120	120
72.53335802	21.83454321	240.6166216	0.3770420598	1	1	0
34.6731172	47.97469655	253.4379129	1.401953426	1	1	0
58.98738101	16.21195614	163.5104815	0.08083051254	-1	-1	0
1.918752094	58.36457016	275.5395212	0.4301685412	1	1	0
57.20692031	1.263593487	174.8187554	0.1035418863	-1	-1	0
64.84079616	84.16996334	0.08881667022	0.4428431179	-1	-1	0
44.76695919	37.30532481	344.7978781	1.1938294	-1	-1	0
110.9380346	68.40582794	280.3485579	0.427361825	1	1	0
0.7495595008	35.65988408	134.1219773	0.4558089753	1	1	0
10.36195255	80.0465257	75.05958117	0.1437322449	-1	-1	0
34.81951249	116.8500319	85.16597403	0.1086349461	-1	-1	0
99.87861109	56.04160879	141.4040098	0.3446503717	1	1	0
89.58897004	19.48696123	292.8424328	1.307908234	-1	-1	0
41.16380684	53.70226342	267.7130229	1.452817503	1	1	0
105.3061981	62.38540749	217.8992596	0.1571084032	-1	-1	0
12.43373707	15.883028	237.3828803	0.1029253963	-1	-1	0
8.437056462	32.72773483	226.1235338	0.1776904096	-1	-1	0
50.47160871	81.17219113	329.1261285	0.5356666768	-1	-1	0
45.40596433	93.29267107	334.0549046	0.5780954621	-1	-1	0
77.47734461	28.30658584	269.6481801	0.4702030729	-1	-1	0
1.814299103	80.95887963	58.89590841	0.5162615551	1	1	0
48.20351388	1.990051969	201.196763	0.1044408628	-1	-1	0
24.53590025	59.37360815	131.3443452	0.3903190825	1	1	0
1.985111159	27.04164685	217.1562974	0.1774022935	-1	-1	0
69.44317131	68.09615755	253.5153107	0.7240665154	1	1	0
29.40711435	72.58349084	153.2975605	0.5479433678	1	1	0
60.96234343	31.04852478	61.31726901	1.471976236	-1	-1	0
21.25687861	71.6838471	266.2997985	0.694785232	-1	-1	0
57.79981882	48.34414565	134.9959699	0.4881934148	1	1	0
95.18697767	3.323355042	342.8189459	0.3763415598	1	1	0
83.81951541	95.48017716	7.64994066	0.6325000223	1	1	0
10.07581841	24.27637611	221.5521232	0.0842699245	-1	-1	0
6.852577399	87.86932881	54.92085556	0.6093974081	1	1	0
28.65026719	94.29570968	342.8819522	1.463819327	-1	-1	0
5.010951237	50.59315362	209.6734956	0.2446348103	-1	-1	0
66.52614285	37.80245519	43.41665208	1.380076607	-1	-1	0
39.04557122	31.21289584	157.9835308	0.003039011957	1	1	0
28.69956847	41.85769002	232.0901809	0.377818758	-1	-1	0
110.3698765	90.76182892	64.06301853	0.4919282894	1	1	0
75.59620011	96.57146106	20.44002129	0.3531262001	-1	-1	0
89.59648324	89.44466599	159.8538515	0.3047368975	-1	-1	0
54.16756944	64.85119465	332.2126017	0.6252820041	-1	-1	0
20.84278549	44.42352975	135.0929199	0.5639641066	1	1	0
31.21670214	64.46111921	353.3072688	1.292669403	-1	-1	0
110.907122	45.87844621	236.5839922	0.1577555273	-1	-1	0
4.269997195	96.23862818	72.01776887	0.6441956408	1	1	0
87.08217507	4.780980585	40.80439403	0.003882939411	-1	-1	0
75.43620573	73.98115422	344.9683629	0.4437172285	-1	-1	0
64.46115696	23.02568897	147.1872685	0.0812306777	-1	-1	0
118.8165464	89.73612344	70.0020894	0.1801713359	-1	-1	0
116.3174022	74.74003821	80.53201933	0.1479833633	-1	-1	0
116.4183015	52.35000385	223.5513472	0.2412516871	-1	-1	0
70.70705005	89.94943433	131.5183063	0.7209289531	1	1	0
43.92252862	76.25398173	150.9188342	0.5376152842	1	1	0
105.0846936	84.45509835	79.0485792	0.2126031011	-1	-1	0
36.5853324	39.61003364	144.4180151	0.09692797	1	1	0
24.50662322	102.2305774	54.70901358	0.5760257597	1	1	0
49.35786162	100.7274197	46.76965843	1.315575227	1	1	0
15.05305045	87.63480833	90.3612047	0.05163665794	-1	-1	0
18.69769603	80.2730468	188.3375056	0.4218453578	1	1	0
41.10708834	100.9712009	353.2458895	0.8536572878	-1	-1	0
118.6995021	12.11148801	216.7639386	0.01076522395	-1	-1	0
51.18961721	43.18051942	351.2494441	1.193792591	-1	-1	0
97.60913378	18.03780313	349.899517	0.09693867224	1	1	0
6.663994611	41.55727048	219.5556715	0.2695157809	-1	-1	0
23.5144444	6.355116364	38.73307888	0.3866525238	1	1	0
39.78681379	3.747618637	287.0060737	0.2926742427	1	1	0
58.2500396	38.81240568	103.2559262	0.1692141073	1	1	0
31.83551623	5.292694861	96.00840904	0.1066512266	-1	-1	0
33.19740323	24.77234953	230.5267872	0.46060708	-1	-1	0
81.18306068	20.54580497	218.5435279	0.2843800032	1	1	0
101.3917622	91.99983305	78.09803374	0.2108478353	-1	-1	0
13.13054068	70.600943	155.1492048	0.9742364228	1	1	0
42.87256903	115.6960184	302.8522392	0.3847490088	1	1	0
33.57510761	14.19799667	68.37163244	0.2883909733	-1	-1	0
56.23755523	24.00629118	100.15227	0.3610090308	1	1	0
113.6146994	83.01380719	64.73858287	0.213871573	-1	-1	0
15.00089944	8.09403972	23.75208013	0.2891156248	1	1	0
42.95633242	45.66141973	341.5742172	1.267298823	-1	-1	0
18.86899462	53.30931114	224.5393128	0.2845091566	-1	-1	0
39.61753513	61.84008973	335.7436155	0.9872032199	-1	-1	0
73.1834743	82.0736031	344.4851074	0.4431038881	-1	-1	0
113.3763135	60.05475759	262.5159755	0.4274201293	1	1	0
4.176531075	114.5934239	105.6039028	0.2712845607	-1	-1	0
99.89779367	77.47219068	95.63505352	0.1907817175	-1	-1	0
56.93089477	86.42484467	11.06639972	0.8152400576	1	1	0
11.33580581	56.41918348	134.6479003	0.5318067972	1	1	0
62.25027745	61.85913788	254.7449061	0.769240878	1	1	0
55.69072039	56.57827975	331.3263611	0.5813085307	-1	-1	0
36.97482284	93.87408167	172.0981162	0.4854229722	1	1	0
84.41102969	12.62640625	219.8368277	0.2836805209	1	1	0
20.9251671	14.17535722	222.4979388	0.2883559325	-1	-1	0
29.15394547	110.0584883	101.5164453	0.01719271612	-1	-1	0
6.765525939	9.128206644	222.7438571	0.009778754365	-1	-1	0
69.17172058	29.85793669	224.4180333	0.3563837054	1	1	0
31.13101984	33.18909225	220.980351	0.1921105539	-1	-1	0
13.04499172	47.25608741	226.1112044	0.2448483988	-1	-1	0
78.60011051	6.200557436	28.71764616	0.09718123766	-1	-1	0
45.90356717	67.87149489	350.5492912	0.9960210173	-1	-1	0
5.027458311	73.19634332	67.36338997	0.1450424226	-1	-1	0
37.69750182	69.94533038	135.3265786	0.8040955734	1	1	0
61.14882101	69.95783291	345.7622425	0.5359205113	-1	-1	0
96.5040229	84.934149	179.4535565	0.3989093529	1	1	0
107.7898065	53.981503	235.3864263	0.1583731136	-1	-1	0
18.13928213	22.04742314	259.5478154	0.5675688924	1	1	0
65.16288677	0.2640926499	216.8054716	0.2917063249	1	1	0
24.69733136	27.26181519	218.4597071	0.2853295016	-1	-1	0
92.71947001	11.33074333	282.1267226	1.400704457	-1	-1	0
37.44800852	108.7461809	283.011791	0.3899643101	1	1	0
26.99773693	80.31690985	322.3034493	0.1828470537	-1	-1	0
52.24594286	73.02844761	135.1138948	0.8151152452	1	1	0
17.96673378	0.2824700217	100.8242826	0.1965637198	-1	-1	0
26.83122229	50.45712256	219.4332331	0.3776948221	-1	-1	0
33.11334965	56.43195194	257.2934095	1.402672496	1	1	0
69.97899272	7.268034658	40.83165453	0.0132272406	-1	-1	0
9.507957062	1.084661608	142.6736877	1.312502074	1	1	0
27.20359311	19.2930803	260.3679989	0.4724176432	1	1	0
67.19636069	14.9859771	223.421948	0.2924591046	1	1	0
73.46831039	119.3622483	32.78188834	0.01007101247	-1	-1	0
21.06038749	112.2792207	272.1111333	0.453764241	1	1	0
35.61917468	78.08421579	334.5249893	0.4617220749	-1	-1	0
40.34682622	85.85334583	314.5578395	0.3923155132	-1	-1	0
32.03388137	86.66100062	186.4690383	0.3685202347	1	1	0
64.00055721	53.74709691	353.0578448	0.4884186444	-1	-1	0
16.93945521	62.86088486	224.3782861	0.2065447935	-1	-1	0
61.64875472	8.275513618	205.6503275	0.2926173823	1	1	0
67.00011723	76.23801754	253.3404185	0.7230877075	1	1	0
81.90335515	118.4233363	103.8370648	0.2831297906	1	1	0
14.76434025	38.62581739	215.6500638	0.2876505865	-1	-1	0
60.48105768	113.1697254	159.5797293	0.1064403575	-1	-1	0
19.88725123	95.22692351	103.3786414	0.09281944282	-1	-1	0
54.24422252	94.23322477	354.9585912	0.2570731235	-1	-1	0
75.57781967	14.21413271	27.76527648	0.09795887522	-1	-1	0
7.358404115	64.66660431	83.79533514	0.05184105636	-1	-1	0
70.22846345	59.9644872	341.5110734	0.4912385414	-1	-1	0
108.2468713	76.6781503	296.1748925	0.5048953099	1	1	0
90.14139559	116.6468851	22.91133364	0.09697395152	-1	-1	0
12.80742213	113.151773	120.9706212	0.3643926548	-1	-1	0
16.6084233	30.46737871	254.5924183	0.5670426132	1	1	0
52.21902938	114.6891529	79.81315779	0.479002124	1	1	0
4.524226613	18.09432756	135.7800481	0.2905716503	1	1	0
58.70853723	78.10016551	345.0131796	0.5359245251	-1	-1	0
46.02532137	108.2998772	330.0889582	0.5728848957	-1	-1	0
49.38080598	51.23042813	256.2850216	1.45711176	1	1	0
119.0718764	44.38012387	145.5912843	0.4377405134	1	1	0
81.34542463	80.5603239	255.89539	0.7226403256	1	1	0
80.5688499	103.4656419	11.14975672	0.3543489244	-1	-1	0
86.42926323	27.37787269	291.8237365	1.028528132	-1	-1	0
118.9186505	66.3195365	94.36875562	0.05548837281	-1	-1	0
53.47163064	9.163371376	185.8034197	0.10351247	-1	-1	0
7.541087676	106.8967637	24.37891624	0.5504300506	1	1	0
0.0716154719	103.5119547	69.37757694	0.3648288797	-1	-1	0
47.57771733	59.63847186	253.3214269	1.35957175	1	1	0
23.35488507	87.7746262	170.9091483	0.370524449	1	1	0
26.49197176	118.5551058	86.4802946	0.10888106	-1	-1	0
85.68763403	109.8214288	136.8744748	0.3528871479	1	1	0
62.68735708	92.5984344	343.7255688	0.4423863499	-1	-1	0
22.89632499	35.66884287	227.2001194	0.292248629	-1	-1	0
79.07988959	88.54517486	1.47296461	0.4416729967	-1	-1	0
32.6590302	101.9044229	347.9423986	1.133454973	-1	-1	0
