120	120
57.75686383	49.58200644	357.7534016	1.18329895	-1	-1	0
63.08561669	92.13753925	13.45088841	1.235054113	-1	-1	0
19.57864268	18.84479476	33.78797502	0.5179470158	1	1	0
78.06216294	90.37383431	194.415485	0.6937452122	1	1	0
73.80616621	1.100829027	355.6287648	0.9623840097	1	1	0
67.48104313	70.39553137	213.7318497	0.527980188	1	1	0
50.01533629	45.61260823	342.8553377	1.153679282	-1	-1	0
36.64119308	21.40572368	122.7390185	0.154699777	-1	-1	0
46.97354272	85.0475618	138.0043121	0.02366649397	-1	-1	0
52.96209976	71.16691833	196.5846533	0.6244605749	1	1	0
85.68230586	93.95443268	117.1612528	0.1357837048	-1	-1	0
73.72034433	22.65741159	253.103557	1.43130934	1	1	0
100.8781689	42.61919326	352.1931647	1.387273129	-1	-1	0
7.32386442	9.863672896	13.75864831	0.4132204986	1	1	0
39.9343506	89.44530477	59.40512636	0.2099245257	1	1	0
67.55770951	7.738944921	217.0456758	1.385729636	-1	-1	0
115.557575	45.38743175	255.0152845	0.2492137257	1	1	0
45.07282785	21.73628685	34.25664101	0.01759526962	1	1	0
107.6570265	84.74047045	171.9017585	1.079527352	1	1	0
2.616328731	82.58039318	25.83643246	0.3327600744	-1	-1	0
22.72501921	26.98479478	20.89668761	0.5186696425	1	1	0
105.0058355	67.4425451	122.0130748	0.04021866614	-1	-1	0
21.25617985	40.95904928	260.7480741	0.2452777921	1	1	0
105.8326924	56.68125805	34.30617228	1.45978038	-1	-1	0
21.39564541	4.383094736	272.9761674	0.3881864692	1	1	0
33.83805408	112.5881097	288.5998562	1.464395076	-1	-1	0
16.1014395	47.48039667	258.1245758	0.1521833657	-1	-1	0
60.6244995	75.07600258	210.5478135	0.5289245836	1	1	0
17.80505566	33.631563	274.7801795	0.2318574999	-1	-1	0
99.95224559	50.92081321	359.4053291	0.2491542436	1	1	0
113.6990192	54.01532117	235.2545404	0.2490151634	1	1	0
80.56014257	115.4454465	338.2361904	0.9621921315	1	1	0
51.89818517	62.63031116	235.0884406	0.8106769189	-1	-1	0
111.6810441	62.5951467	214.2580398	0.2514309812	1	1	0
87.63118853	110.8453761	218.6963193	0.7725718661	-1	-1	0
55.00101306	88.79294663	29.28744714	1.421700626	-1	-1	0
109.4995819	39.30913633	359.197504	1.460076661	-1	-1	0
117.5403725	36.87985926	272.5387049	0.3426484584	1	1	0
59.99321602	66.39032016	251.1581705	1.095241179	-1	-1	0
56.09749596	96.87323358	180.5161241	1.419755575	1	1	0
15.67329032	10.52037546	254.9061878	0.1088585284	-1	-1	0
45.28332952	68.43560756	247.5958505	0.5336673805	-1	-1	0
79.55295578	107.3583562	231.8971579	0.7684660692	-1	-1	0
107.7956228	48.05893838	11.98141726	1.459593467	-1	-1	0
65.68601562	53.36953901	14.9383108	1.276661215	-1	-1	0
81.63074204	20.10246178	330.9640325	1.241805717	-1	-1	0
12.79490821	92.27807767	149.4103697	0.2262756652	-1	-1	0
25.87668489	109.9092008	268.5974395	0.253721842	1	1	0
47.94434973	93.1396498	72.15765301	0.1165608067	1	1	0
83.58012757	77.29355657	176.1035371	0.9809358193	1	1	0
37.85938258	44.24680556	6.570688466	0.5323755876	1	1	0
24.38228409	49.39799414	24.01536836	1.068041683	1	1	0
66.92386951	61.68853901	199.8448007	0.2457407663	1	1	0
100.430652	91.13829066	129.1197766	0.04394645104	-1	-1	0
71.23337819	95.60185673	355.5488908	0.7864982779	-1	-1	0
10.66322614	84.41178493	45.82766983	0.3339370985	1	1	0
58.89735122	58.10062022	318.3983056	1.462435125	1	1	0
57.81562676	105.4272013	233.3396726	0.5800579308	-1	-1	0
75.38824198	74.03652069	195.6760476	0.7018897657	1	1	0
61.53413606	83.72953013	196.5449862	0.4357238658	1	1	0
24.37882927	12.14694939	264.9728129	0.05347049643	-1	-1	0
27.93588117	20.5229438	137.6647506	0.3344568371	-1	-1	0
6.21852749	24.78667718	13.42962322	0.50727934	1	1	0
11.27324784	17.58770146	30.30934168	0.5062453683	1	1	0
60.15287806	12.53983383	235.0544137	1.388040531	-1	-1	0
80.48319308	28.29739988	169.12049	0.2180548818	1	1	0
21.23900656	94.72305869	163.0314018	0.2260831845	-1	-1	0
74.86945971	14.47054684	347.7588304	1.058232886	-1	-1	0
70.6613216	39.56300758	215.2801329	0.1737579945	-1	-1	0
16.9358358	78.75113713	276.7911022	1.249164457	-1	-1	0
51.50537312	0.4392767997	352.6757851	1.128815613	1	1	0
82.78368308	11.88319583	126.2098873	1.33164793	1	1	0
64.85914966	33.70308449	23.65609928	1.300571732	1	1	0
84.84767694	85.3950012	32.43658699	1.438715146	-1	-1	0
86.04629845	41.43120603	147.4123934	0.8168727486	1	1	0
15.21838374	70.32167348	285.2182174	1.142577812	-1	-1	0
80.99088906	60.9738376	73.97899804	0.4231054802	1	1	0
112.4384643	71.35680588	192.7253484	0.4284080758	1	1	0
88.57915328	24.85577991	151.0036367	0.1789097001	1	1	0
50.97316394	54.26684239	336.6914291	1.368754504	1	1	0
95.46238015	29.49392796	221.1557067	1.389114112	-1	-1	0
42.86695762	37.40825477	43.09461514	1.463577346	-1	-1	0
58.09128369	115.2202544	191.5996193	0.6629768029	-1	-1	0
96.91284317	66.01135905	301.7197286	0.2259997273	1	1	0
3.704839204	42.34303113	216.5066593	0.2496325983	-1	-1	0
44.44351682	5.828118363	334.0354725	1.128471633	1	1	0
68.40400961	78.80945359	355.6491759	0.4357245331	-1	-1	0
65.8954221	118.5885049	190.6189711	0.7560812786	-1	-1	0
78.66143307	37.00299203	154.9209186	0.6296855081	1	1	0
39.13345961	81.27547863	155.3576955	0.1162590791	-1	-1	0
114.2674335	79.55753444	12.40534124	0.800110796	-1	-1	0
56.7599228	30.52638418	18.49735425	1.485527864	1	1	0
3.027900167	17.08203143	20.5194812	0.2266566334	-1	-1	0
41.55946347	14.11283619	139.2744725	0.06155305541	-1	-1	0
25.27685444	81.28327902	291.3710776	1.156149135	-1	-1	0
91.55504204	80.01059334	118.052962	0.04594668962	-1	-1	0
30.22348747	6.132597207	267.674085	0.0534738209	-1	-1	0
74.16922597	65.65103821	118.6834388	0.05939979339	-1	-1	0
73.68560359	56.92694785	32.96250336	1.363281518	-1	-1	0
51.96049467	17.30490464	207.3979764	1.226911223	-1	-1	0
27.94569408	118.3593783	285.6572245	0.2932873008	1	1	0
29.60565578	42.69584801	275.6656252	0.3471853771	-1	-1	0
20.08432406	116.129941	149.9596862	0.1073422735	-1	-1	0
54.05381039	79.90018491	120.702643	0.1587072676	-1	-1	0
34.62096883	36.08257071	23.13122199	0.5323492292	1	1	0
43.86518448	117.4558074	95.32387693	0.7561960482	-1	-1	0
86.59308461	102.4089648	203.8497348	0.9586280533	1	1	0
1.572949704	51.03338324	236.1855961	0.2489520644	-1	-1	0
82.14279913	69.11755197	133.9497725	0.1417844494	-1	-1	0
76.64439501	82.17182494	14.19290439	0.9695475631	-1	-1	0
87.27338878	33.0766023	206.0481461	1.389547147	-1	-1	0
71.94126321	104.3122554	216.8156218	1.049407306	1	1	0
58.99439256	39.56869408	292.0030373	1.309055261	-1	-1	0
105.9605382	76.63363469	29.98978528	1.359372094	-1	-1	0
72.84583503	48.78934021	181.1097781	1.465008752	1	1	0
119.1045808	66.08025899	140.2254401	1.274325828	-1	-1	0
94.28020117	37.79160209	126.1566468	1.479152481	1	1	0
59.63573328	4.306736081	241.4388047	0.08235931248	1	1	0
81.67689158	3.704928707	85.72581423	0.6800296597	-1	-1	0
92.58409745	88.39777876	313.0559917	0.3197076453	1	1	0
9.87644081	53.45251896	246.2564012	0.3384462568	-1	-1	0
90.33142384	71.39701731	134.7081559	0.04969336983	-1	-1	0
19.11905157	86.84871484	31.93083595	0.4124121053	1	1	0
69.72518076	87.10484963	213.8300792	0.3030527174	1	1	0
89.84513252	7.334480974	66.05333089	0.5855224923	-1	-1	0
12.15723324	40.31981794	11.15913774	1.441888401	1	1	0
12.63994324	61.80696658	263.6574398	0.7919272808	-1	-1	0
72.79996371	31.07293252	197.1249983	0.4518572865	-1	-1	0
14.51059444	25.55770601	260.3121624	0.2317964949	-1	-1	0
119.0820623	28.8004945	334.6445862	0.3206197842	-1	-1	0
26.47280422	34.50229803	259.9155144	0.2421196265	-1	-1	0
9.20733454	32.57523333	274.0120153	0.1387081595	-1	-1	0
48.502425	29.29454157	43.59006648	1.401790431	-1	-1	0
39.7838648	29.33139217	131.8897146	0.05962775381	-1	-1	0
59.08060155	21.16445162	256.3895439	0.9228859334	1	1	0
72.58483065	112.7879662	211.638086	0.7682393254	-1	-1	0
0.832171232	74.31633227	169.1182897	0.986951527	1	1	0
17.9912214	55.56591391	42.74058503	0.9865703214	1	1	0
52.40705807	8.575390962	219.647943	1.298812063	-1	-1	0
31.43002354	27.90358886	36.71000934	0.5213835324	1	1	0
8.791604165	76.31770863	268.9852921	1.356322098	-1	-1	0
88.53530667	119.0302577	354.6965399	1.05191939	1	1	0
46.17163255	76.7643318	181.423222	0.6260159694	1	1	0
98.08979507	74.34431452	308.8058949	0.2362336895	1	1	0
93.69238292	96.79843573	116.4897109	0.1357660066	-1	-1	0
64.81825001	109.8618083	236.3289672	0.9559547408	1	1	0
36.39137447	0.5786053341	267.2818493	0.38505099	1	1	0
51.01821852	37.27268781	261.043822	0.09806418031	1	1	0
99.55076142	82.58384681	114.8987838	0.04946133661	-1	-1	0
33.26769479	13.78328241	271.281338	0.3394787876	1	1	0
4.380687484	59.67240916	164.467739	1.448231225	1	1	0
78.90146625	99.03249819	204.4468513	0.8850793236	1	1	0
102.479566	34.52609081	12.19533526	0.1754724298	1	1	0
65.93876938	25.47436558	214.1466556	0.736302341	-1	-1	0
64.89681641	45.25341441	100.3713496	0.06582724939	1	1	0
89.60269263	16.51932081	347.2152754	1.424018765	-1	-1	0
66.95217731	16.95018261	237.9742452	1.247450303	1	1	0
7.203646326	68.10270194	148.8141548	1.449852231	1	1	0
64.22543831	100.2332225	196.9854111	1.234222881	1	1	0
23.186682	73.27647944	163.3858278	0.03823255687	1	1	0
