120	120
96.20137215	20.00424823	190.6723241	0.3363176912	1	1	0
31.31270761	79.6290322	215.9895893	0.04898803486	-1	-1	0
43.07657086	60.21692138	352.0945734	0.1463737104	-1	-1	0
14.12941858	52.9581574	74.79081813	1.388645277	-1	-1	0
51.94531192	91.18016215	15.81521914	0.5121760394	1	1	0
75.86551925	10.65546997	58.98903359	1.080276015	1	1	0
109.321683	30.09641667	173.5410992	0.7371251828	1	1	0
34.74679165	19.07630369	228.0282496	1.1579627	-1	-1	0
89.83415945	53.09063341	88.99340672	1.066500384	-1	-1	0
102.4298242	25.35260567	298.6559171	0.6253457623	-1	-1	0
43.99403616	111.8126381	13.31379911	0.04663366149	-1	-1	0
62.34515638	77.021054	339.0660606	0.6071754923	1	1	0
30.24456944	2.324461844	261.3918818	1.164233124	-1	-1	0
27.19622058	64.83320068	212.423764	0.2524006898	-1	-1	0
7.448625571	16.35036333	289.1507778	0.7262936978	1	1	0
99.39467477	41.89065346	168.0278349	0.9127392796	1	1	0
43.47773332	21.23188844	239.4559753	1.170285137	-1	-1	0
16.04892091	3.354035456	139.8676103	0.8869889171	-1	-1	0
117.2160947	27.31493953	191.5909986	0.4578501104	-1	-1	0
72.66223919	66.22895985	294.7996442	0.7899747131	1	1	0
13.14235964	97.76464071	262.979873	1.252148383	-1	-1	0
5.680294518	24.56373444	175.1593452	0.5400801179	-1	-1	0
41.60451794	68.48470067	359.079166	0.5174501768	1	1	0
41.03640073	13.50860398	311.2068516	1.262664433	1	1	0
60.09360058	115.2675694	260.6888975	0.7860758631	-1	-1	0
96.57189384	58.5642232	79.0691286	0.9728434229	-1	-1	0
103.0430517	64.2102793	152.6768474	1.34807902	1	1	0
29.03662877	104.8885655	294.8011625	1.165330486	-1	-1	0
15.25852748	12.00875153	304.0187672	0.7244190307	1	1	0
47.76545788	8.480824557	234.2431077	0.8898603988	-1	-1	0
87.06611007	69.73081098	88.91942649	0.6965060939	-1	-1	0
11.38359386	69.52558853	77.06717176	0.6233871503	-1	-1	0
94.33146865	28.47115078	305.4177658	0.8979924955	-1	-1	0
110.8377076	61.62799021	73.24604331	1.081406985	-1	-1	0
81.82359607	55.61939952	174.4056889	0.4154453537	1	1	0
83.75467189	8.240865545	311.9724059	1.075908675	-1	-1	0
68.33529049	44.07481243	210.3354675	0.15819507	1	1	0
7.255624968	110.7160026	137.0979546	1.071359643	-1	-1	0
1.048154693	2.51777355	184.5642715	0.7827769138	-1	-1	0
45.88390515	0.09983958144	182.8445499	0.8829902823	1	1	0
62.99536028	29.8399655	47.35860518	0.3390121453	-1	-1	0
71.22821233	100.7860011	277.6068106	0.7864481994	-1	-1	0
109.3325944	86.87342518	149.1522362	0.8840523141	-1	-1	0
0.2141927853	49.57392158	191.3381203	0.08273001138	-1	-1	0
79.67699815	25.25617096	52.3470126	0.05194691303	-1	-1	0
95.17266962	66.84688747	74.09414313	0.9755440933	-1	-1	0
30.12220086	48.37766745	317.7494277	0.06702564448	-1	-1	0
26.71472994	16.00306952	76.5216368	1.344203022	1	1	0
80.48051076	63.7316307	72.35216213	0.5086427578	-1	-1	0
65.37714955	84.96194428	57.10453394	0.3303534793	-1	-1	0
86.00503281	30.62398436	175.5021469	1.180178522	1	1	0
10.09675923	38.10662765	186.6286885	0.2723865112	-1	-1	0
0.1792220344	10.67549863	52.90451652	0.9271731852	1	1	0
60.15330587	92.01393305	40.22153872	0.2368628713	-1	-1	0
98.33486109	11.81173509	316.592878	1.174366024	-1	-1	0
53.9544051	76.71846685	175.9765418	0.2366146169	-1	-1	0
16.15366849	44.26310288	192.5226285	0.1780333457	-1	-1	0
93.71793783	75.02156478	29.13668903	1.255401485	1	1	0
101.7922763	72.41926046	86.64227793	0.9751829041	-1	-1	0
6.233769428	102.2744474	75.86760813	1.441561491	1	1	0
39.98473744	82.39577409	176.504065	0.3285715811	-1	-1	0
109.9217762	70.30458171	85.83148168	0.9884487836	-1	-1	0
102.9280495	92.76172443	132.2765084	0.8841065429	-1	-1	0
5.991043981	93.4278784	320.1184307	0.04140361632	1	1	0
13.89884636	21.41295657	193.1266985	0.7263804435	-1	-1	0
105.981655	47.03926793	65.77219601	1.157902101	-1	-1	0
45.4162551	75.67771713	170.2138476	0.3250890647	-1	-1	0
68.38447913	92.91159761	122.2235253	0.9732829327	1	1	0
34.7133115	89.52146192	156.4938089	0.2412509299	-1	-1	0
38.21574227	46.32473073	273.4777172	0.3447515998	1	1	0
8.139052252	46.78327762	173.5341241	0.6470031526	1	1	0
2.021178968	41.06375454	174.0706905	0.3652277846	-1	-1	0
17.79307225	75.40873025	91.28057621	0.4370885277	-1	-1	0
107.6956885	38.8210961	185.5342424	0.8220982974	1	1	0
65.88305045	60.68921089	312.0068928	0.789300335	1	1	0
91.19344526	44.94313149	154.4715539	1.069031151	1	1	0
38.14023332	97.02628312	18.96950645	0.4277930174	1	1	0
63.09742957	99.98799622	138.2916587	0.9719969608	1	1	0
28.07692104	96.64716697	176.2535865	0.04721413465	1	1	0
76.43388221	41.61102156	53.75921117	0.8083445418	-1	-1	0
48.75819265	83.63424289	163.1170163	0.3248726606	-1	-1	0
115.7105472	80.95569478	166.0036914	0.8818644549	-1	-1	0
118.3801928	58.16025733	74.80494325	1.171590608	-1	-1	0
33.62833851	70.78229571	229.6872156	0.2430817771	-1	-1	0
117.3436471	66.81677512	268.826055	1.26796476	1	1	0
92.12439532	6.305497436	170.5941033	1.453223848	1	1	0
69.6850202	35.88456081	36.33726175	0.432231265	-1	-1	0
84.48178285	39.21465743	172.4586992	1.087595424	1	1	0
12.87760677	88.97256892	279.1506607	1.252089657	-1	-1	0
20.77159836	92.63029205	290.81413	1.239684232	-1	-1	0
32.63172427	10.58610143	244.4703744	1.255513703	-1	-1	0
12.97638847	61.3796841	172.0429537	0.5311348469	1	1	0
73.78614197	57.95546276	51.78103092	0.2303554004	-1	-1	0
43.24026462	89.89462659	1.509028087	0.5108309757	1	1	0
23.76095412	7.50159862	66.39723716	1.351531967	1	1	0
71.3195832	27.49145165	42.08081681	0.3390089012	-1	-1	0
101.2466114	33.76997989	296.0781833	0.7228609337	-1	-1	0
36.30564397	109.1029482	69.16934545	0.1397637685	1	1	0
54.89132745	98.94179377	25.27032898	0.1436583147	-1	-1	0
8.730116326	119.3703341	175.7356451	1.167043178	1	1	0
69.85405196	4.849079639	71.37808139	0.5212484128	-1	-1	0
78.35340394	72.27059187	60.71024908	0.6033485302	-1	-1	0
20.72715174	58.8567442	194.9136168	0.1596298703	-1	-1	0
36.58786761	54.34718063	335.4519666	0.1583270197	-1	-1	0
22.16323365	50.72248649	52.46777644	0.3465903221	1	1	0
46.3969233	97.59739844	33.85073536	0.1418138692	-1	-1	0
75.09926257	49.84662433	193.1992603	0.2308421451	1	1	0
81.62954053	16.78075932	299.729267	1.168820961	-1	-1	0
61.9331968	6.787558668	307.2479958	0.6131735269	1	1	0
28.69367284	56.69318905	34.46572017	0.439327284	1	1	0
112.1058802	13.32511242	172.822781	0.5432160067	-1	-1	0
12.20233366	29.74192166	52.44680758	1.295542334	1	1	0
88.50925591	61.48635515	155.929897	0.787934456	1	1	0
119.2156491	18.84189744	185.7052408	0.5429014657	-1	-1	0
83.14633244	47.3523247	72.33180599	0.975772468	-1	-1	0
61.65407816	37.98067219	196.3679813	0.5253894516	1	1	0
104.5818385	55.72746892	86.33985246	0.9889729545	-1	-1	0
50.46743279	16.43515268	313.0300908	1.357384442	1	1	0
77.68268871	33.49065443	190.2995643	0.9001963123	1	1	0
99.80656142	80.88958947	102.0766086	0.9750449218	-1	-1	0
39.45165481	5.512852529	250.9220882	1.164073816	-1	-1	0
73.67076497	19.25081151	74.76847522	0.7982402217	1	1	0
112.3459778	52.52148819	273.4636179	1.450959353	1	1	0
104.7012847	17.29167032	174.7207783	0.7184950249	1	1	0
115.334141	35.81838544	176.5712559	0.457615817	-1	-1	0
64.93605496	69.12030052	284.1823157	0.4176186222	-1	-1	0
67.75094051	13.29067286	55.77085827	0.4269122713	-1	-1	0
57.09391335	22.81749484	196.9648437	0.5188648347	1	1	0
53.96614197	1.989572966	249.1712692	0.7861470231	-1	-1	0
37.244717	117.3025327	259.4725018	1.257211249	-1	-1	0
21.06355518	101.3629025	278.0852339	1.252160779	-1	-1	0
29.37857747	113.5841964	276.2337065	1.164305841	-1	-1	0
117.6090696	89.13948341	32.9325954	1.165672658	1	1	0
88.10248134	22.5416029	297.5944358	1.16921403	-1	-1	0
15.27348345	114.3870872	153.7310719	1.071290478	-1	-1	0
22.83722739	118.5778604	52.79208329	1.351444337	1	1	0
65.2887767	21.50052182	45.73558868	0.3337836386	-1	-1	0
4.902856457	63.73349974	90.81964598	1.086862055	-1	-1	0
18.21983714	35.60352346	183.251071	0.1791878945	-1	-1	0
111.0312719	94.97511638	50.27706646	1.163729581	1	1	0
89.90843678	14.25245443	302.4199687	1.168646702	-1	-1	0
107.7453514	78.62464353	271.0913749	1.161734209	1	1	0
65.95737758	107.8661134	264.7064355	0.7852760635	-1	-1	0
57.88510633	107.2015193	149.7336075	0.974410001	1	1	0
118.8809853	97.51298436	30.12227883	0.8843696782	-1	-1	0
57.23650654	84.23906525	359.0813252	0.5159913183	1	1	0
97.937325	50.11330269	76.91311954	1.065361623	-1	-1	0
14.21628685	106.1426186	55.69717403	1.441795015	1	1	0
8.172272359	7.783979617	163.8022004	0.7007462683	-1	-1	0
26.93228387	86.91895031	287.3806477	0.2414683729	1	1	0
19.38913753	67.33450309	155.2281789	0.6248383678	1	1	0
3.578539307	32.80007073	294.1634512	0.5515412956	1	1	0
52.05805249	113.8360305	165.1027614	0.8848230171	1	1	0
25.81521149	73.27832537	139.2834323	0.6149844864	1	1	0
22.15464256	109.7040515	39.63698515	1.442183471	1	1	0
59.22516883	14.84757515	58.97173829	0.4262762979	-1	-1	0
49.81775521	105.6368651	21.98467192	0.1404750061	-1	-1	0
35.15992378	62.62494657	16.50541654	0.5187270422	1	1	0
67.06754663	52.27212572	33.78772422	0.0445808451	-1	-1	0
6.1663652	55.58144139	152.6278222	1.263543009	1	1	0
