120	120
100.7263386	38.29626783	80.8786688	0.120644643	-1	-1	0
112.3863481	28.89707095	77.55053062	0.1005684995	-1	-1	0
4.700266282	107.4243162	117.3599779	0.01706908037	-1	-1	0
10.01233354	63.92479499	47.13725499	0.402602512	1	1	0
69.55344482	117.6179232	322.3348663	1.371572344	-1	-1	0
38.40315962	56.69874913	168.4420307	0.6875608937	-1	-1	0
115.8603392	21.30575343	58.2369931	0.2860189185	1	1	0
47.18047304	72.24035582	65.63342334	0.410100133	-1	-1	0
116.2288791	106.7138344	43.7850707	0.6651961837	1	1	0
23.8392202	94.60668492	100.2203961	0.03255718398	-1	-1	0
59.75496466	20.42692371	289.1249207	0.1850994013	1	1	0
51.02192961	49.82255755	33.93801874	0.5028677167	-1	-1	0
104.3813097	66.82710873	211.7791729	1.047403835	-1	-1	0
66.28424922	5.274715238	64.12135682	0.1607267815	1	1	0
33.37608824	117.4909153	158.6001832	0.3070547847	1	1	0
107.552601	105.2700988	57.67957565	0.8061656385	1	1	0
65.32491355	41.93390897	337.8107705	0.2816803566	-1	-1	0
90.20824932	48.13246734	60.69497235	0.2136163848	-1	-1	0
77.3604232	18.00193949	315.5439697	0.4654698304	1	1	0
103.5956619	52.77996228	78.66362872	0.2132527277	-1	-1	0
80.61901391	10.19185004	66.85470658	1.117054944	-1	-1	0
78.81220674	33.37261719	307.6797137	0.5611514003	1	1	0
73.59683882	26.28971859	324.4473681	0.3717298768	1	1	0
35.96025452	80.92603988	203.9400948	1.170574742	-1	-1	0
42.69560555	49.68268759	118.9610636	0.8737997879	1	1	0
8.346163166	49.14332728	84.97600784	0.591263895	1	1	0
57.62185786	6.736093295	45.42428794	0.1608022891	1	1	0
6.373965104	71.39532348	86.54105345	0.1293817615	-1	-1	0
74.60261347	41.14081785	326.3075053	0.5611606257	1	1	0
108.453492	59.50971328	288.1808362	0.8676583537	1	1	0
118.6837966	91.7686459	339.0111791	0.1095648698	-1	-1	0
110.5014068	14.45168943	72.86260639	0.2866883584	1	1	0
52.77228788	79.92031382	187.049969	1.465482914	-1	-1	0
97.99592501	81.66259178	231.9161577	1.331128949	-1	-1	0
63.29595999	12.91083926	101.3708614	1.399625812	-1	-1	0
63.66303803	71.4662007	172.9999905	0.3160979403	-1	-1	0
6.840820335	92.60619632	76.94726503	0.3895897372	1	1	0
3.256391483	84.543964	58.33294341	0.4879895974	1	1	0
92.07282828	39.7494112	67.01843148	0.1340338967	-1	-1	0
113.3333762	98.88333639	355.2667828	0.1993554728	-1	-1	0
19.11119719	78.928342	238.626745	1.425094667	-1	-1	0
55.72429685	56.90178807	36.92222747	0.4090306416	-1	-1	0
118.1928527	73.19171893	40.6912433	0.4084655179	1	1	0
116.6468232	58.22676507	315.5244075	0.2219573141	-1	-1	0
110.1850053	74.6480551	345.4590457	0.3956024151	-1	-1	0
93.4975162	74.1088819	214.2604443	1.238448521	-1	-1	0
83.97586806	2.600932989	204.8516946	1.393962617	1	1	0
92.52853913	65.91435395	256.2307649	0.1220491381	1	1	0
44.55239964	81.06951974	100.0333166	0.2548326185	1	1	0
1.301045693	65.01691031	59.50771169	0.4087455804	1	1	0
93.96410378	16.86186237	173.8463516	1.247914321	1	1	0
110.4302999	90.89393999	294.8852531	0.2966954499	1	1	0
100.7685101	0.7323756227	201.7869487	0.993660853	1	1	0
69.27409387	49.00622522	189.5769177	0.2872084247	1	1	0
94.07519655	89.06258111	55.91416476	0.2156317639	1	1	0
43.78706552	103.5495551	131.6469526	1.432005828	-1	-1	0
15.43209388	94.081453	61.57637235	0.2037587673	1	1	0
17.14599394	49.00300131	71.183218	0.5915862694	1	1	0
7.081132745	11.64545221	59.05208979	0.5651810036	1	1	0
107.2078049	22.60372464	66.54388402	0.2860233837	1	1	0
55.04842193	113.012045	162.98213	0.2225823936	1	1	0
47.94694905	42.23246408	146.5899005	0.7836612236	1	1	0
55.27454942	71.90587905	333.9927345	0.5039099965	1	1	0
45.08595429	95.25187669	227.0049063	0.1528369158	1	1	0
97.41867585	8.767887326	185.9463398	1.127884828	1	1	0
109.5813792	119.1933349	178.4553347	1.313699703	1	1	0
99.08548065	106.0223773	82.28074152	0.4365190544	-1	-1	0
90.01821616	24.61587779	182.0547594	1.247334006	1	1	0
81.71267906	25.31840635	67.17522539	0.5585479735	-1	-1	0
84.60288881	62.29632428	273.4160067	0.2169952866	1	1	0
51.32702149	64.51968985	52.2077995	0.4078612536	-1	-1	0
39.15966486	73.37022306	67.95007391	1.155220774	1	1	0
30.96816056	73.80034018	188.0187585	1.061912104	-1	-1	0
16.47427519	115.6184075	240.3072018	0.02172087248	-1	-1	0
35.23952822	102.6011518	220.3261554	0.02840506952	-1	-1	0
91.23754007	57.54924119	60.42747546	0.1995252626	-1	-1	0
27.24217451	81.10491103	95.02452121	0.3061138541	1	1	0
12.8448313	56.11570195	72.52048587	0.2090036779	-1	-1	0
77.49727272	48.80308008	215.5503679	0.2875748989	-1	-1	0
4.637357905	56.89978428	68.57086201	0.4981622231	1	1	0
85.53539394	70.45519191	199.0023722	1.334771087	-1	-1	0
42.83717856	64.93517688	94.14771374	0.9676429001	1	1	0
18.63753531	101.6561582	116.2111359	0.01740158423	-1	-1	0
18.63280541	61.81360306	61.48426075	0.2172667106	1	1	0
119.9901869	50.08335606	303.6866517	0.2202925341	-1	-1	0
35.14362242	34.53750044	34.19666883	0.5928710794	-1	-1	0
88.94249101	9.743977575	188.7468187	1.221213583	1	1	0
113.3083233	66.32866193	327.6215557	0.1287844816	-1	-1	0
46.80721957	112.0190589	155.1588221	1.430977698	-1	-1	0
1.072598001	27.50074336	85.68519133	0.1851822682	-1	-1	0
40.45195307	88.37860038	189.2897065	1.270342738	-1	-1	0
60.29242898	48.65947343	178.1124175	0.4679193416	1	1	0
9.692691198	26.5112832	102.5012011	0.1851565324	-1	-1	0
113.9841707	6.464670244	84.12276294	0.008300149977	1	1	0
119.0403357	13.49374643	320.0324655	0.4741401321	-1	-1	0
20.96277741	41.12913126	88.64301671	0.6847380684	1	1	0
114.7818643	83.89948047	353.3386777	0.02310034882	-1	-1	0
85.61257149	17.34784195	82.59912206	0.8497554806	-1	-1	0
63.78891329	111.371182	183.5228445	0.2225802919	1	1	0
49.19628537	87.99331853	172.4734675	1.372536426	-1	-1	0
25.69237698	48.06249828	173.648038	0.5922896606	-1	-1	0
106.4857668	82.07813123	294.4660218	0.1162205217	1	1	0
98.38180029	46.19491172	174.664914	0.4931016794	1	1	0
102.3586317	89.19207904	249.9466673	1.417206122	-1	-1	0
101.7863009	74.54096826	51.02511928	1.32675442	1	1	0
29.4881266	55.3743343	358.5518095	0.9658304972	1	1	0
38.59167843	110.2762433	173.4191877	0.3069551465	1	1	0
52.28708855	105.145943	138.6407426	1.432469396	-1	-1	0
12.47507813	86.37212478	236.9894537	1.235421407	-1	-1	0
95.42617747	32.00764583	64.63253374	0.0412913589	1	1	0
99.76977477	60.09197688	305.6010065	0.9600297995	1	1	0
115.1055705	43.12691926	316.5263095	0.5887528573	1	1	0
84.08747165	53.51255872	261.5501922	0.3855480743	1	1	0
20.69038918	87.08768689	79.01163346	0.2128882956	1	1	0
65.16195567	26.80643907	328.7129826	1.023346572	-1	-1	0
23.39288813	70.92852356	260.7698598	1.434388173	1	1	0
95.80172109	113.6451916	187.9821082	0.8074417498	1	1	0
4.513968799	20.00277694	44.69664512	0.4738383339	1	1	0
19.90702228	3.284944574	43.88017725	0.3941522767	1	1	0
30.30666254	109.7792764	238.35064	0.02779364632	-1	-1	0
105.8159813	7.449472413	307.0775867	0.2866947054	-1	-1	0
34.45487179	48.69272364	156.2676074	0.6835597335	-1	-1	0
15.01263987	70.36106905	103.1470397	0.2178989877	-1	-1	0
56.46243563	41.42094778	352.1186177	0.3742880899	-1	-1	0
26.89938825	102.2658022	296.2902059	0.3119186277	1	1	0
74.97718037	3.900714468	81.2141374	0.09161607397	1	1	0
98.59420616	23.9844508	177.7859731	1.43421002	1	1	0
60.90524297	119.0738155	340.1997084	1.371394451	-1	-1	0
71.93622618	11.62334328	85.30391991	1.396300362	-1	-1	0
86.95946291	32.44539171	84.30740202	0.5005033302	-1	-1	0
30.21454307	41.26850837	118.2324293	0.779114561	1	1	0
106.7427055	44.66525579	64.62984552	0.2139245377	-1	-1	0
70.43398482	33.96354891	306.8511042	0.5610164092	-1	-1	0
13.04954782	108.0609417	296.0615932	0.2975825247	1	1	0
104.1430782	113.0562014	67.64966937	0.5279987169	-1	-1	0
1.977183757	5.10023756	304.3036486	0.2857676284	-1	-1	0
68.47369599	19.20574028	305.5435549	0.2785702799	1	1	0
3.804878676	42.2085762	292.7869396	0.3119274187	-1	-1	0
25.12069492	116.8268511	256.6675683	0.02777585871	-1	-1	0
89.67186755	81.53210123	70.87336611	0.3063828262	1	1	0
111.739592	51.28649026	302.6777331	0.5887534022	1	1	0
102.4820463	15.59694078	315.8607263	0.2896032201	-1	-1	0
10.73792056	78.25597563	176.5865015	1.428510436	1	1	0
103.8266988	30.1674164	65.76045229	0.1014599194	-1	-1	0
5.95579501	34.1448391	173.6844746	0.6471468054	1	1	0
9.938479017	100.3361667	101.7571461	0.01748671994	-1	-1	0
21.81269823	109.3241502	280.3184583	0.3013869476	1	1	0
1.548916623	99.63793391	59.99324704	0.4790308421	1	1	0
38.98061613	41.79783566	134.2843783	0.8718448831	1	1	0
46.98040565	57.34517789	105.2338141	0.8734316486	1	1	0
43.92207391	35.12807882	19.68355296	0.5954982019	-1	-1	0
92.54043531	1.822602491	187.8091877	0.8484987287	-1	-1	0
61.96407333	34.45506685	302.6830205	1.212328323	1	1	0
34.16356438	66.27685208	82.76477412	1.0609022	1	1	0
12.60017377	41.91496532	305.384107	0.3118506528	-1	-1	0
108.9828833	36.67084235	298.6513654	0.5698502014	1	1	0
26.69746446	63.29733456	8.424448417	0.8755593437	-1	-1	0
83.08158076	40.5769061	71.3916295	0.2768424192	-1	-1	0
59.51199317	64.30781943	349.9400044	0.5954880241	1	1	0
116.9630296	114.9807973	170.9255195	0.682175248	-1	-1	0
