120	120
112.0656419	4.174945827	20.63767584	1.091107463	-1	-1	0
83.17897779	84.93851532	128.0172961	0.8331683393	1	1	0
5.074479776	62.71124865	134.0302135	1.258789449	-1	-1	0
53.6823455	76.75613496	30.24279163	1.178883857	-1	-1	0
28.33169867	53.95399619	267.0564287	0.2449083952	1	1	0
46.0191696	79.67505484	334.8712803	1.08615708	1	1	0
13.6553034	51.30492314	11.60131681	1.25699034	-1	-1	0
22.66216162	15.10784342	230.0482639	0.03185006923	-1	-1	0
18.96688172	65.45901333	11.53741915	1.350114085	-1	-1	0
53.24271252	18.68099988	245.7187438	0.5987730844	-1	-1	0
57.72057063	41.09237984	122.1773441	1.387557739	1	1	0
12.82591133	99.58828929	93.97771114	0.1240793409	1	1	0
109.0110966	11.89352419	247.1429023	1.285378677	1	1	0
22.75866612	40.19101071	352.4587302	0.07024047434	-1	-1	0
93.77609682	64.02261984	218.9184303	1.013621168	-1	-1	0
30.02271992	118.5826758	149.0650654	1.433962783	-1	-1	0
11.5623759	20.33423935	234.3286686	0.6543501006	1	1	0
57.03586961	11.30994977	28.86717524	1.156757204	1	1	0
26.02166965	6.539717452	23.84131952	1.142946449	1	1	0
107.6128854	116.9344614	146.3574329	0.03817905519	1	1	0
59.90414797	82.43310303	352.3672408	0.523931201	1	1	0
9.876360022	28.86938679	221.1173442	0.5612298901	1	1	0
82.53318664	11.56120117	270.303696	0.8969233228	1	1	0
52.23909599	4.659567086	125.8318135	0.9724858658	-1	-1	0
87.52522679	48.52952744	53.21351708	1.409397298	-1	-1	0
47.36638516	71.04336446	345.9759737	0.7154321114	1	1	0
86.03265267	68.09932807	206.2400065	0.6410278884	-1	-1	0
43.64506199	4.657554169	24.06877999	1.338766241	1	1	0
112.256289	44.84016172	234.123051	0.198073384	1	1	0
41.11990562	65.46018486	248.916442	0.3505243709	-1	-1	0
65.83731684	10.9317187	48.5250887	1.065425755	1	1	0
17.81617128	25.83420369	356.3227076	0.002495977383	-1	-1	0
99.82083315	11.9485812	269.6442481	1.379089215	-1	-1	0
91.37541835	26.91708775	243.805581	0.9458277606	1	1	0
38.08341764	82.42891576	247.8538448	0.8989028122	-1	-1	0
27.6407335	102.7525403	14.33477323	1.356172822	-1	-1	0
112.5809801	19.9296285	28.05247241	1.005650955	-1	-1	0
44.31293706	19.34890582	13.48847467	1.344330129	1	1	0
12.76838635	59.59798037	125.9424165	0.04814990547	1	1	0
26.67033736	62.58799389	252.5593843	0.2337449565	1	1	0
95.15273074	5.105147824	248.688779	1.471736121	1	1	0
14.87796108	42.79500175	231.5481724	0.4750691693	1	1	0
87.20434615	33.74349159	45.54843501	0.8534296138	-1	-1	0
49.08961402	25.98230636	242.2273619	0.4125438804	-1	-1	0
69.78298889	48.85792573	356.1111495	0.8187372316	1	1	0
17.25170185	74.14013734	29.37097159	1.254998351	-1	-1	0
15.80008173	82.92376838	41.81386177	1.348058827	-1	-1	0
21.53701064	48.40107612	249.4446581	0.314031507	1	1	0
76.44511035	79.8738127	355.4197484	0.2550131616	-1	-1	0
69.17695665	70.95709324	29.652332	0.5254339659	-1	-1	0
31.06996149	77.11727322	262.9235443	1.067289613	-1	-1	0
61.39400868	73.69340794	334.6215751	0.7119912759	1	1	0
44.46351187	88.25333727	348.3916625	1.273325798	1	1	0
54.47842987	33.44807898	274.9771283	1.201344533	-1	-1	0
89.56231705	90.04565678	354.6599654	0.6468159446	-1	-1	0
22.57430792	88.45065607	25.66026267	1.355867612	-1	-1	0
86.62146404	4.131499879	17.89000744	1.375077034	-1	-1	0
53.29481705	48.73552615	108.1331223	1.461919389	1	1	0
55.02196709	67.96023162	15.06442472	0.6232522617	-1	-1	0
20.59295634	56.80964677	355.381472	1.350134253	-1	-1	0
82.81384312	26.3159672	30.23042612	0.852770105	-1	-1	0
36.41001041	51.47422321	213.9094281	0.9739528416	-1	-1	0
70.8754536	63.13949745	221.2646205	0.53396589	1	1	0
104.4976437	48.79632086	232.1477231	0.291734684	1	1	0
61.50944805	49.04196988	46.02426278	0.457389714	-1	-1	0
83.0932631	56.01621352	173.0297398	0.3471033399	-1	-1	0
99.99579013	41.5397757	37.81355226	0.1982869413	-1	-1	0
96.1605459	34.06450709	234.044496	0.8530341535	1	1	0
85.08251097	76.70726947	226.0015799	0.640912045	-1	-1	0
26.14789887	111.0180617	133.4771253	0.1203837935	1	1	0
108.0609438	26.80097319	263.5600658	1.281667592	1	1	0
74.16395029	11.09193261	357.0693659	0.7113015683	-1	-1	0
70.72304671	33.5090209	268.8187135	0.9539209188	-1	-1	0
39.82538774	12.24848071	247.7466924	0.5949883706	-1	-1	0
56.43573726	59.07102324	28.33047357	0.7194878799	-1	-1	0
5.807812638	54.38025547	209.0610124	1.312602112	1	1	0
78.37659987	71.80723831	254.3072868	0.6299676104	1	1	0
111.1238681	108.860339	260.2329513	1.439815143	1	1	0
91.09465376	117.2033646	172.8173078	0.07238975837	1	1	0
35.56288903	19.83276103	28.87449312	1.432028563	1	1	0
30.19393026	85.32028038	333.6756522	1.333357165	1	1	0
55.93718716	117.2887394	149.65062	1.344992927	1	1	0
74.30344253	55.57984903	160.4118715	0.533805656	-1	-1	0
104.2404305	18.92848658	250.6529451	1.191915605	1	1	0
67.54985111	79.5543878	12.58166331	0.4324980533	-1	-1	0
49.43206787	41.44465965	275.568558	1.183594892	-1	-1	0
37.06113347	43.01788004	27.53431534	0.07102160654	1	1	0
91.00328808	12.334658	251.7671352	1.033410008	-1	-1	0
29.43858097	45.86160631	234.7716839	1.43959289	-1	-1	0
11.22258819	68.30126354	109.8225647	0.1394050039	1	1	0
34.83941749	5.488114378	267.5930577	0.03183545409	1	1	0
99.73511398	26.13611622	254.5956001	0.6650328069	-1	-1	0
36.53547914	91.20307483	344.7881973	1.333210046	1	1	0
18.35085647	113.4859601	136.7648952	1.33283933	-1	-1	0
1.693261629	31.517654	226.0544414	0.5607085294	1	1	0
66.11032338	41.46900811	32.58324438	0.4581162395	-1	-1	0
30.96174427	13.05356519	228.8343212	0.03181450504	-1	-1	0
3.78226224	23.17518626	129.060519	0.2827291243	-1	-1	0
57.87849188	25.46721436	266.6672593	0.8773344772	1	1	0
23.29954942	79.86592515	318.4662172	1.440467038	1	1	0
31.70457801	29.02880039	129.9411946	1.37270712	-1	-1	0
6.75597754	45.61410009	224.3041439	0.660957907	1	1	0
48.87831112	62.38018416	330.248404	0.7226630843	1	1	0
74.57588443	26.24716433	13.2551861	1.132019022	1	1	0
62.85904105	64.86502391	18.24935803	0.5306309886	-1	-1	0
35.09223053	60.04835032	239.9175086	0.5130224414	1	1	0
27.17717191	22.07231527	30.03641673	1.432029564	1	1	0
78.78850516	63.46219308	189.3316226	0.4533595148	-1	-1	0
25.0338092	71.25432874	234.6632594	0.04752557368	1	1	0
35.40245339	100.1312554	356.050463	1.076909938	1	1	0
70.17368971	18.59829701	31.9342281	1.046206652	1	1	0
34.26605498	110.1077372	158.5985186	1.345353553	-1	-1	0
42.82177776	96.68107566	0.06033142183	0.9835677094	-1	-1	0
66.26021107	25.92161869	250.1995916	0.8507745537	-1	-1	0
42.47696495	110.5948661	153.4107701	0.04236580259	1	1	0
119.3372011	49.02517109	132.3078814	1.219529623	-1	-1	0
64.92435846	56.72591208	237.1464839	0.2545561056	1	1	0
11.80635327	107.8380136	150.7894854	1.239615472	-1	-1	0
91.29336906	56.01663039	233.0030654	0.1990068902	1	1	0
28.94870124	94.14824326	19.78114583	1.449188586	-1	-1	0
38.80862508	118.0848605	129.204023	1.245681535	-1	-1	0
39.12309495	73.82423876	356.382386	0.715256352	1	1	0
14.44850348	90.93749861	104.5178774	0.05043327089	1	1	0
91.51456773	81.95284055	113.2643562	0.9217512266	1	1	0
16.11386259	34.56990274	9.530448448	0.1030312256	-1	-1	0
48.30703873	11.9587319	10.98209883	1.249529523	1	1	0
61.88019373	18.1943921	232.78936	0.6918264424	-1	-1	0
8.165544373	37.18233709	218.368228	0.4756980838	1	1	0
95.80043298	48.57602871	249.7887087	0.3852622041	1	1	0
32.81190467	68.08710059	236.8438388	0.4193570942	-1	-1	0
82.65435292	41.14431265	33.28517074	0.9440629847	-1	-1	0
23.75917414	31.64940908	353.7454805	0.194646654	1	1	0
103.0485064	109.9618655	129.2427673	1.253527065	-1	-1	0
19.6365692	105.08536	112.7484639	0.124004046	1	1	0
6.870980021	93.80649215	158.2623386	1.427759019	-1	-1	0
100.1549356	69.93829215	230.7869521	1.105615288	-1	-1	0
61.03953434	4.039424693	107.9170033	0.8796369155	-1	-1	0
79.0041832	33.80148693	356.5923829	1.131949211	1	1	0
79.05040674	48.7714526	351.4758323	0.8127341548	1	1	0
86.72396783	19.32946733	254.2327531	1.0333908	1	1	0
103.8891483	4.798984365	231.6549238	1.471629797	1	1	0
44.131887	47.85729493	35.20024698	0.0690236479	1	1	0
78.14565559	3.958658556	287.2521988	0.7116904862	1	1	0
62.57362408	33.72675643	134.2490037	1.202328645	1	1	0
40.16808087	26.6282769	127.8596579	1.344457217	-1	-1	0
99.69218125	55.80765355	277.4347557	0.1056308183	-1	-1	0
91.18850443	41.08164046	228.5200654	0.8509347907	1	1	0
38.27120039	35.00957038	116.5775118	1.371370302	-1	-1	0
46.36105845	33.66326123	24.55070275	0.06606518898	1	1	0
78.44579818	18.73334152	13.69825257	0.7582423103	-1	-1	0
99.09338593	78.69697526	247.7699804	1.384925315	-1	-1	0
74.40566895	41.27957623	9.75203735	0.9222679464	1	1	0
0.02987151189	40.2555094	218.5376914	0.4734836055	1	1	0
92.59577729	73.18020122	129.7841838	0.8262157907	1	1	0
30.40153481	37.32718834	11.46338472	0.1632699673	1	1	0
99.36787722	117.8996025	142.7661489	1.19309716	-1	-1	0
20.74947901	96.90631751	28.32657902	1.355531395	-1	-1	0
47.57311974	117.2724338	111.9192672	1.152367554	-1	-1	0
52.13767332	85.36416214	14.37102229	0.9930070394	-1	-1	0
95.47100062	19.15191025	267.5547809	0.9179148084	1	1	0
