120	120
54.14875396	85.87182674	26.65301797	0.148835798	-1	-1	0
46.66949726	89.90644546	67.3544838	0.7065455139	1	1	0
25.88733204	83.63679311	31.07366549	0.05596482403	-1	-1	0
106.1230221	70.24535115	66.06225087	0.97328517	-1	-1	0
79.68799405	113.7953179	92.95548247	0.4291123595	1	1	0
65.25651469	49.92006144	103.9408654	1.260674759	-1	-1	0
40.74212469	75.80940648	283.3929569	0.9717676492	-1	-1	0
92.99595104	92.21403267	216.5240837	1.072737956	1	1	0
38.58402023	102.4868959	66.58096329	0.6154996733	1	1	0
113.4374651	38.31745359	214.8781453	0.7207133598	-1	-1	0
92.52940137	106.3090608	337.4317251	0.8935723699	1	1	0
34.03501537	70.80491458	92.12641106	0.1345937484	1	1	0
117.6125129	45.513335	166.2467651	1.093162205	1	1	0
76.05802273	91.5585655	173.6272454	0.8005366716	-1	-1	0
76.9473984	18.19402169	214.9029496	0.1000708616	1	1	0
105.1043251	26.85050672	74.56109096	0.9267643026	-1	-1	0
51.89072643	22.11689712	197.3290443	1.427935257	1	1	0
92.86314525	77.62197336	230.3594885	0.5993950609	1	1	0
7.171178178	8.057470775	190.2814303	0.9254393092	-1	-1	0
61.88214407	90.27685892	293.6052609	1.45270638	-1	-1	0
117.9744869	31.36656108	290.6869188	1.092552167	1	1	0
10.08859857	90.16887597	28.80702399	0.1491334665	-1	-1	0
14.46703661	29.97319439	150.5926038	1.280559389	1	1	0
62.23229632	73.06490396	205.8322749	0.04027376152	1	1	0
41.92609573	58.42232739	249.8689377	1.129550639	-1	-1	0
90.67447564	22.83490394	76.10521255	1.319944666	1	1	0
113.5709522	99.76351693	54.62205253	0.5193622372	-1	-1	0
55.50256384	68.03787706	26.74297016	0.9444617571	-1	-1	0
63.81263671	12.7794255	83.76181299	1.307890813	1	1	0
1.742178616	52.65215521	356.8662847	0.8162503087	-1	-1	0
4.139513519	15.87381537	183.2270855	1.291682664	1	1	0
72.89356503	118.3866333	245.500589	0.6137949782	-1	-1	0
69.29046021	86.25269754	164.8031299	0.7076325471	1	1	0
17.15045448	95.28981553	47.03705908	0.05602728778	-1	-1	0
68.22564923	111.5850087	271.5395033	0.7046776107	1	1	0
88.73498209	84.96042033	159.4886534	0.03419787149	-1	-1	0
40.09392385	84.70558606	269.2681935	0.3206630693	-1	-1	0
9.674458498	98.6587768	308.7865588	0.3351592938	1	1	0
68.64928043	41.90871175	82.95863742	1.260578857	-1	-1	0
60.6679558	98.63595299	66.49990234	0.05583517744	1	1	0
52.22975857	111.7887872	64.72871127	0.3346135159	1	1	0
71.99836531	11.40632923	301.903017	0.9839066163	-1	-1	0
101.6354641	91.99111237	293.8075084	0.7070577826	-1	-1	0
74.13237832	26.32907779	300.7110978	1.121630519	-1	-1	0
110.6686235	76.9501319	92.08004139	0.7960935928	1	1	0
67.18330528	4.546883689	66.92210479	1.173161073	1	1	0
80.17588858	84.00709841	113.6107205	0.04963204556	1	1	0
71.32474066	34.13889561	180.7854622	1.486256595	1	1	0
12.41415194	15.12251788	208.5772257	0.9248322237	-1	-1	0
87.96718601	31.12345766	295.9931023	1.265765152	-1	-1	0
74.25197624	48.6929311	96.92393768	1.260527351	-1	-1	0
100.8920918	107.0983372	294.3693101	0.7073669376	-1	-1	0
101.7833533	77.78814993	53.58966127	0.9722192568	-1	-1	0
14.66458408	45.16704186	248.197029	1.464742917	-1	-1	0
97.46099584	84.81715582	233.587561	0.8785844291	1	1	0
33.86222432	62.40737477	242.8532508	1.15871461	-1	-1	0
46.39572411	98.64892817	50.79026946	0.5241375302	1	1	0
79.59715369	33.09858836	314.5325258	1.116468778	-1	-1	0
99.30798258	42.82221087	304.3425945	1.173587122	-1	-1	0
39.400215	94.12448061	274.7805098	0.333837176	-1	-1	0
65.82477552	27.28589167	197.1846784	1.486251721	1	1	0
6.393168653	45.72114768	151.751179	1.002700147	1	1	0
71.41463267	68.94432918	94.05200611	0.1364133885	1	1	0
54.55025879	36.89415447	81.4133624	1.241619258	-1	-1	0
96.63856119	114.0867275	354.3269419	0.7072073868	1	1	0
47.53003323	80.79791305	306.5281472	0.1480153176	1	1	0
84.95089751	61.42380352	32.26792014	1.447335691	1	1	0
25.19648967	92.00938347	30.88882643	0.05597002872	-1	-1	0
112.9178083	24.53616667	299.4675771	1.19680872	1	1	0
24.7594794	7.340212525	232.5939852	0.8326849895	-1	-1	0
82.82052483	46.79612294	80.91254821	1.260447538	-1	-1	0
90.07789084	67.81598836	217.5307307	0.1359620046	-1	-1	0
75.17271584	107.0104557	64.52602715	0.3297607218	-1	-1	0
118.923119	78.13357185	183.2827447	0.3290180934	-1	-1	0
88.33649514	113.725901	53.51349173	0.1482568382	-1	-1	0
93.6928298	59.79678738	44.08073822	1.158676645	1	1	0
6.157070629	30.46449211	104.7887788	1.188981809	-1	-1	0
105.3033661	55.59327546	65.28838856	0.8038521723	-1	-1	0
91.22203055	45.75475631	165.9784705	1.451338832	1	1	0
106.5557733	84.50103211	103.5905431	0.7044998402	1	1	0
101.5561752	12.55768086	76.25615082	1.202990535	1	1	0
56.01871666	59.21898277	8.764015415	0.851325084	-1	-1	0
76.88665858	40.89104377	163.8075019	1.447205521	1	1	0
107.3384139	18.39122337	58.77694025	1.011829302	-1	-1	0
98.20443746	51.10268283	150.3170589	1.451594068	1	1	0
60.36495944	42.95505194	313.7871478	0.1350059672	1	1	0
105.0713954	99.69672257	97.45170792	0.893072246	1	1	0
76.18106685	62.14962434	101.227615	1.439628871	-1	-1	0
61.52782921	81.98123236	183.1778661	0.3364405815	1	1	0
45.40826847	107.0604524	47.69206551	0.3378505505	-1	-1	0
17.55788063	22.16237864	225.2176743	1.003377632	-1	-1	0
35.00846569	54.11542595	216.9441786	1.398559422	1	1	0
88.26773187	8.79941997	204.2987173	1.315367263	1	1	0
85.14387338	16.51284014	282.2112493	1.129126778	-1	-1	0
114.7317544	85.64313568	175.3379537	0.4222000448	-1	-1	0
41.4108367	67.10842618	264.3821246	1.064853013	-1	-1	0
63.09419584	35.11606666	65.22862167	1.26055077	-1	-1	0
55.64317702	14.25498875	299.4881141	1.146698073	-1	-1	0
54.82819025	76.84096865	45.69707929	0.8825252888	-1	-1	0
96.88128182	99.37828856	311.5439442	0.7997777992	-1	-1	0
30.41372812	105.1721966	158.3794674	0.7189152399	-1	-1	0
115.7680055	16.42550235	69.74378869	1.011829124	-1	-1	0
76.59004963	75.76759953	101.0436742	0.2291281913	1	1	0
106.1872941	47.33044849	168.23791	1.266834218	1	1	0
83.83645288	106.5475257	50.95492555	0.05656491325	-1	-1	0
55.7574615	49.85843852	237.7358961	1.411126735	-1	-1	0
57.30855158	29.06611133	181.4057723	1.427770647	1	1	0
49.08055025	29.87334243	67.90483334	1.148793237	-1	-1	0
109.9247413	92.41421937	116.6115655	0.7986896619	1	1	0
48.6808391	63.30731524	84.81586765	1.317456901	1	1	0
20.79874516	14.60657343	47.58819529	1.187910086	1	1	0
10.38175926	37.82422644	167.0275731	0.9058661705	1	1	0
79.96156233	54.5878125	297.9110911	0.05045267151	1	1	0
60.49531091	107.7283529	46.22991286	0.5170957486	-1	-1	0
70.62847318	56.1488366	298.2238733	0.04880799005	1	1	0
79.59357693	99.29783009	215.4496967	1.166134038	1	1	0
84.67675082	77.15295431	179.2901361	0.04283068618	-1	-1	0
42.26945959	49.69882952	231.6949744	1.127185769	-1	-1	0
68.88909811	77.93579421	272.2912507	0.2314738589	-1	-1	0
48.10438847	72.01624242	67.73335772	1.347967811	1	1	0
99.33193937	21.02028808	59.20994738	1.203267568	1	1	0
31.74715106	97.10675475	86.87308142	0.5214528161	1	1	0
85.41260339	39.02057405	180.4384689	1.451302873	1	1	0
101.1301837	63.12064878	51.05596439	0.8967028051	-1	-1	0
60.22733723	21.29386899	299.9475243	1.121802132	-1	-1	0
22.80828994	108.9677978	89.9043147	0.05601413573	1	1	0
49.06497984	54.58909226	99.68964375	1.317447363	1	1	0
114.7858145	69.44147026	47.9436664	0.8801672615	-1	-1	0
16.17176786	103.9835246	29.31136156	0.05575452044	-1	-1	0
96.63612787	28.81710965	60.01919357	0.8033355923	-1	-1	0
53.69561286	94.50990015	40.57956633	0.240803479	-1	-1	0
88.35589082	53.63783505	99.06138859	1.167929297	-1	-1	0
93.71356303	14.91124856	296.2976601	1.035985325	-1	-1	0
68.74212272	19.50826872	285.9077052	1.12177859	-1	-1	0
82.48590652	24.75816602	297.8444652	1.133733333	-1	-1	0
53.49341982	103.4844156	61.07118576	0.2417932503	1	1	0
23.67724081	100.2107977	71.3133007	0.2422696952	1	1	0
93.92627064	36.7684612	197.4327164	1.360938858	1	1	0
18.5832218	37.2009213	231.3454827	1.094230249	-1	-1	0
102.533815	34.93820454	182.9742021	1.360964126	1	1	0
88.18880458	99.01455135	295.2454992	1.078915697	-1	-1	0
109.4301136	62.84093718	206.2107333	1.176040938	1	1	0
118.649788	93.07405012	99.20394427	0.796234219	1	1	0
32.99119835	88.59931378	76.12115043	0.5057186046	1	1	0
67.57119687	103.2015661	50.48414071	0.4239860775	-1	-1	0
9.326713501	22.92916792	166.6754698	1.291797096	1	1	0
22.6442633	29.34377599	244.6015996	1.0059777	-1	-1	0
3.146291277	85.51068846	85.21485623	0.7034244424	1	1	0
68.62205031	94.92742048	183.6347207	1.079690773	1	1	0
97.72757102	70.53008838	226.7698116	0.3207951314	1	1	0
1.040312925	23.41128715	87.11523046	1.096120602	-1	-1	0
117.182235	60.06156924	12.60530811	0.8163070516	-1	-1	0
16.04953	7.43828841	214.2882227	0.8329387983	-1	-1	0
84.29683962	91.82611121	232.8587085	1.259248474	1	1	0
18.01449229	87.09800108	188.0117075	0.3342109284	1	1	0
20.48644251	0.3417235751	290.0584887	1.01807294	1	1	0
113.1505191	52.86440283	154.7608411	1.092358002	1	1	0
33.37646941	79.83269083	66.09149373	0.5068560969	1	1	0
81.26941346	69.09471949	196.0456616	0.04201343072	-1	-1	0
2.190771033	38.54678182	228.9522256	0.538301211	-1	-1	0
