120	120
28.25022528	0.163369286	210.5967464	0.6093397833	1	1	0
88.54577556	75.37848913	23.96198752	0.257478026	1	1	0
59.95258452	87.72836712	307.9170284	0.2848279352	-1	-1	0
49.4353743	31.11746574	342.1770945	0.2055011231	1	1	0
59.21411798	17.45507876	236.7996978	0.1931922667	1	1	0
38.89808953	79.98398535	36.37337676	0.01488942946	-1	-1	0
115.9559785	65.11613277	282.3248789	0.708119832	-1	-1	0
118.9575949	72.78419963	259.6203361	0.7975908865	1	1	0
39.13313232	109.604876	173.3372527	1.139198418	-1	-1	0
51.73285268	90.58029675	291.8739423	0.283536525	-1	-1	0
20.18901853	93.21905534	210.6495081	0.3186588032	1	1	0
41.31703389	29.95038123	195.1650701	1.398521813	-1	-1	0
101.4790785	24.18391954	119.6609123	0.3447554034	1	1	0
23.53653437	10.54676688	34.01856508	0.3278175405	1	1	0
8.152319159	15.58409607	65.72253582	0.04795521573	1	1	0
72.08404688	71.34720813	238.8976796	0.904493683	1	1	0
107.6519098	40.29237086	300.1192789	0.108307688	-1	-1	0
4.363006301	65.96734223	242.8824004	1.081627009	1	1	0
112.7279651	33.85130712	103.2404054	1.276302713	1	1	0
67.65902668	19.0671966	195.803414	1.224307705	-1	-1	0
57.48851919	32.13614067	335.9012784	1.415925839	-1	-1	0
0.4901375571	113.6330491	213.7953119	0.6118025254	1	1	0
9.992390817	59.80629831	283.0884602	0.9885542072	-1	-1	0
3.61636817	97.00054843	316.1092692	0.3569526862	1	1	0
45.35322837	114.8793481	312.2979044	1.416623096	1	1	0
71.04903453	26.57729135	240.8037559	0.007889441526	1	1	0
115.9386929	42.14902054	119.3831495	1.100522352	1	1	0
28.88600817	90.15522693	167.5172193	1.436123321	-1	-1	0
44.00417576	37.99494817	358.0067349	0.3014784832	1	1	0
4.119266458	44.39992271	63.16824488	1.177797773	-1	-1	0
22.2120445	114.6150192	137.2070123	0.4231367959	-1	-1	0
63.18120658	47.81750354	299.0228208	0.6689524422	-1	-1	0
53.72360441	82.46630046	176.9255414	0.4701899097	1	1	0
7.699751402	73.78521121	44.60966111	1.357258069	-1	-1	0
3.477079533	8.831647027	349.2907969	1.166003427	-1	-1	0
5.672501849	24.81357886	66.4697424	0.05294640877	1	1	0
93.85485715	46.17091215	235.3920464	1.412260882	1	1	0
80.30683749	73.51551954	301.9649426	0.9056283352	-1	-1	0
110.3632669	71.26387807	242.6512296	0.9875789351	1	1	0
76.89631283	42.55652916	105.1854306	1.321186949	1	1	0
47.1883938	77.18766426	51.9339139	0.0149157058	-1	-1	0
74.61417914	34.52116519	304.831178	1.041853675	-1	-1	0
105.1979144	78.37465729	258.2072391	0.9902779317	1	1	0
115.8084387	99.52111898	53.08324544	0.2431273405	-1	-1	0
4.795923106	88.58568666	145.0707881	0.2389752319	-1	-1	0
2.193779873	105.482119	35.4223603	0.2642532723	-1	-1	0
76.33053907	20.23946842	179.5730657	1.223652239	-1	-1	0
36.71931033	117.7549222	195.4979645	0.5980692672	1	1	0
43.42181898	93.33700433	274.7493653	0.1098268651	-1	-1	0
21.78132435	69.00430972	268.2111798	1.359816476	1	1	0
24.52965157	106.6421945	335.1366793	0.692672348	1	1	0
61.53178309	79.17326561	290.0580449	0.3783875565	-1	-1	0
82.87177321	58.70059572	124.8594522	1.317441874	1	1	0
55.12988655	46.82551624	121.0302623	0.5809679145	1	1	0
2.500779955	80.50962466	263.6921418	0.6123784822	1	1	0
63.60898632	70.76541299	279.9396111	0.5617916905	-1	-1	0
90.75471963	14.96440938	243.0595245	0.2519095689	1	1	0
104.3818628	32.0144423	180.4139751	1.369425406	-1	-1	0
98.82558277	113.8012552	328.9363698	0.4309719841	1	1	0
91.032327	60.90495198	302.6763081	0.3860226836	-1	-1	0
60.55095989	39.87705753	103.7447369	0.5808777861	1	1	0
47.58245577	106.8141828	157.4653646	0.8597794298	-1	-1	0
113.463453	79.12758548	157.1334481	0.9874083206	-1	-1	0
85.30372011	21.74654545	259.6831744	0.1080385262	1	1	0
116.6764906	87.10404188	281.3277669	0.3328547703	1	1	0
16.14966125	13.99019797	219.0387346	1.445342426	-1	-1	0
107.32364	63.35486432	297.2753634	0.5227151194	-1	-1	0
26.57488337	98.51750489	273.1016317	0.04023436324	-1	-1	0
10.67215134	82.051951	159.8338686	0.05411919441	-1	-1	0
89.67812598	91.87495279	53.58676303	0.06299959844	-1	-1	0
32.94691531	104.0754125	317.0377625	1.156765167	1	1	0
73.18808547	12.61119321	6.577768408	0.1993323053	1	1	0
16.21642573	109.1685736	352.3530437	0.5357298966	1	1	0
99.53405169	39.13464551	120.2243528	0.4808511903	1	1	0
46.80047018	45.89284239	43.38563571	0.1157116166	-1	-1	0
117.9552702	27.2753607	202.5176124	1.356968789	-1	-1	0
96.18623124	97.64857483	70.91150666	0.06304125076	-1	-1	0
93.39106635	22.83463336	161.4624034	0.1586741516	-1	-1	0
83.02220144	86.98096024	64.36521385	0.3503625769	1	1	0
88.27475619	100.1568619	297.4096536	0.3424077537	1	1	0
91.16329515	38.00756714	162.7650555	0.7602256318	-1	-1	0
105.0035169	54.96940107	117.5206833	0.7305833419	1	1	0
30.78905751	81.97331682	198.0972047	0.2280376323	1	1	0
67.67637516	84.90275418	56.99774585	0.4723357076	1	1	0
30.59165561	112.0961992	154.013113	0.59808462	-1	-1	0
62.38170291	25.56483205	222.4190043	0.1008737172	1	1	0
18.18522632	101.1805931	257.8456331	0.07773784245	-1	-1	0
22.56550498	84.95429678	216.141268	0.2277808191	1	1	0
31.22316894	7.751731473	332.5967758	0.4196826366	-1	-1	0
93.75071021	69.16931854	282.9747891	0.258258019	-1	-1	0
99.12514783	62.43426914	121.5330695	0.6159052417	1	1	0
66.13729407	33.07134035	316.0248395	1.13517153	-1	-1	0
117.9807622	1.443790845	45.79526311	0.3577292232	-1	-1	0
11.88667372	95.03814599	174.6843877	1.479027263	-1	-1	0
87.81460121	29.86969564	180.8217359	0.9466896877	-1	-1	0
82.98645745	36.41142408	118.8824384	1.414370188	1	1	0
96.18690676	8.149391678	225.0101515	0.2665177262	1	1	0
79.72850867	50.80231396	121.0654883	1.226038298	1	1	0
0.4127506393	18.51130267	196.295162	1.265012408	-1	-1	0
99.98620723	105.077053	314.8666728	0.4317775997	1	1	0
54.21576687	24.07666118	320.1042683	1.403901003	-1	-1	0
102.0527021	47.1043286	283.5046585	0.1089090049	-1	-1	0
110.538678	48.49950386	188.6249771	1.380965333	-1	-1	0
114.0888391	107.590393	194.419019	0.5231405863	1	1	0
118.6146874	50.47820204	103.4333368	1.287849099	1	1	0
1.379826346	58.24966631	298.414796	0.8227381404	-1	-1	0
7.173378727	52.01917316	117.1559994	1.363979687	1	1	0
113.1702062	57.32725881	118.4313468	1.00795184	1	1	0
58.3081955	95.96470737	297.933991	0.9356886826	1	1	0
96.03625654	31.0621324	136.2745351	0.2013222357	1	1	0
20.53927173	3.10689972	150.0536502	0.3305469938	-1	-1	0
107.5131969	101.7906089	42.41091211	0.2433005399	-1	-1	0
35.13097901	96.06788706	157.1303315	1.343008675	-1	-1	0
14.28174818	117.6552798	334.9808004	0.6297311222	1	1	0
66.73080883	93.18229868	286.8897202	0.2783114902	-1	-1	0
60.59471614	62.95023452	118.1578095	0.9951437905	1	1	0
73.53906124	97.71292929	187.7038787	0.2850075586	1	1	0
85.00092022	44.5669442	185.208639	1.227831398	-1	-1	0
13.35256603	22.23939472	202.4672535	1.444705033	-1	-1	0
52.19144911	38.99991366	59.99594295	0.02239654776	-1	-1	0
24.00910929	76.88285934	286.2713606	1.344432679	-1	-1	0
64.57338295	101.4011727	190.0571107	1.48446875	-1	-1	0
56.00571537	104.0950087	174.3275449	0.9355652901	-1	-1	0
49.68600681	53.67619936	139.6464805	0.5791691219	1	1	0
109.9048305	25.30551628	127.4658073	0.4380380705	1	1	0
68.82543914	63.74042379	297.8057301	0.5634264183	-1	-1	0
12.93355076	67.46059154	258.7253669	1.35976216	1	1	0
42.39960183	15.52532237	295.6713141	1.414943743	-1	-1	0
15.7942692	75.68866894	243.8329303	1.45292341	1	1	0
50.98686014	15.9976499	304.1701315	1.403710641	-1	-1	0
18.60842274	61.47160153	270.1476272	1.080609523	-1	-1	0
81.51527304	95.17081742	296.3886425	1.463891238	-1	-1	0
77.55315586	65.10424576	284.6947561	0.5367032051	-1	-1	0
98.93441546	16.07177168	176.7182279	0.06429907577	-1	-1	0
82.30208843	14.06754211	180.6534246	1.316903082	-1	-1	0
79.5546974	27.87084484	256.6520352	0.01380198987	1	1	0
45.45080395	85.29122684	194.1016003	0.3878584635	1	1	0
96.88152819	54.3259332	294.4880705	0.3873831099	-1	-1	0
66.1996563	55.65595759	354.8568212	0.6564547134	1	1	0
12.51265423	6.39979533	316.3937917	0.9091319997	1	1	0
41.46451221	101.4083867	332.6446454	0.6734024199	1	1	0
91.24512373	83.65918434	45.83857508	0.3500411029	1	1	0
45.97565259	23.08104352	356.8915475	0.2042488467	1	1	0
49.88023113	98.70831227	314.8275399	0.8599818622	1	1	0
0.9107962873	35.67087663	182.4740439	1.002385508	-1	-1	0
88.28504795	52.51559261	285.2410359	0.1086966618	-1	-1	0
96.78275164	77.47664932	263.8537563	0.1650711868	-1	-1	0
68.73112974	41.06102258	317.4025229	0.8562730263	-1	-1	0
10.02320524	103.1017025	336.0879049	0.3578514124	1	1	0
37.13235798	88.01655089	211.4549632	0.2947770847	1	1	0
57.83301304	54.80572813	281.4258927	0.4828021975	-1	-1	0
6.5422821	0.2099476067	33.73169389	0.4505272948	-1	-1	0
102.1531768	70.45119165	279.2237479	0.3387158019	-1	-1	0
8.487711944	111.5931802	18.27204512	0.3512236602	-1	-1	0
106.3014466	110.4629191	27.80847034	0.2447431147	-1	-1	0
74.40139082	57.21599486	289.4058854	0.5635072777	-1	-1	0
71.58908043	49.06733848	305.2647439	0.6692713685	-1	-1	0
85.64692418	67.15685587	5.829913725	0.4436958962	1	1	0
87.82827968	7.245217832	198.1506114	1.317959836	-1	-1	0
74.97746732	89.33454952	311.6892327	1.219814072	-1	-1	0
