120	120
98.25605135	21.55007576	151.5512111	1.149622358	1	1	0
61.14108786	70.5017216	30.50955107	0.8810794334	-1	-1	0
81.24602796	22.36830479	356.8414037	0.1249573319	-1	-1	0
92.25602929	42.8515245	167.485561	0.9627745405	-1	-1	0
84.96256744	119.7820982	29.21475855	0.2238502139	1	1	0
17.04064441	55.58437628	147.9948768	1.106981564	-1	-1	0
38.81950989	47.38141235	150.3027243	1.026509094	-1	-1	0
33.58758469	24.94621418	108.2189649	1.326300718	1	1	0
105.3225809	59.84638353	253.6926782	1.259686055	1	1	0
8.387088722	26.9343751	233.8829092	1.21377679	1	1	0
4.756521471	98.31214194	101.8468244	0.08476720736	-1	-1	0
113.5720671	61.26086779	274.8594501	0.9827106103	-1	-1	0
102.6887397	51.86826381	248.4022283	1.256018674	1	1	0
110.9250654	28.49445073	241.8771793	0.9754262591	-1	-1	0
70.72602042	98.20887037	262.895869	0.1680954725	-1	-1	0
54.07853206	113.655933	111.0891181	0.3507404932	-1	-1	0
89.86461725	22.04224312	351.6430812	0.311289214	-1	-1	0
114.6291282	108.5104421	218.8305419	0.360292533	-1	-1	0
114.7193902	6.20557432	9.532757906	0.9107133251	1	1	0
37.23221011	9.095264981	159.7237003	0.03318072746	1	1	0
80.19558203	112.5043737	12.21908995	0.3564045062	1	1	0
46.84224965	32.29252437	161.3206072	1.011067536	-1	-1	0
85.34592001	14.81284088	31.48148309	0.2177868817	1	1	0
102.5742444	13.79093671	133.3898125	1.150980002	1	1	0
58.25134081	106.3656755	29.21936292	0.5426150153	1	1	0
74.98729595	91.07551457	241.087358	0.4466099615	1	1	0
110.871755	13.58663982	270.1640798	0.7797958918	-1	-1	0
3.622281725	19.89550654	240.0439684	1.252131574	1	1	0
69.77559866	69.98359591	44.11630253	0.7883071136	-1	-1	0
17.60205286	41.00691932	244.0800638	1.21101311	1	1	0
49.00618712	77.36227608	267.0758598	0.6961942305	-1	-1	0
4.263524553	34.48124681	265.1449043	1.118942395	-1	-1	0
13.32854623	33.68381321	23.9039487	0.4652628722	-1	-1	0
29.90209234	114.2203099	35.97444118	1.430553916	1	1	0
2.24761154	62.1847565	264.1108578	0.9999580974	-1	-1	0
25.23434978	1.621331126	18.88091548	1.430515383	1	1	0
80.98474641	79.71347459	158.238103	0.7959265146	-1	-1	0
68.19763134	15.00527473	253.1943271	1.342578432	-1	-1	0
63.6703343	7.425160225	267.7664818	1.437189873	-1	-1	0
29.84155743	32.57646458	164.1259407	0.9330540892	-1	-1	0
118.7895533	91.7633535	16.29579264	1.482992846	-1	-1	0
25.10883155	25.39061731	148.5032664	1.047285851	-1	-1	0
29.08647986	8.84734654	149.8714744	1.240076668	-1	-1	0
103.7267141	43.67026608	353.7088386	0.9558351318	-1	-1	0
97.14972014	58.9309233	162.4704202	1.054953081	-1	-1	0
70.32302277	46.93118319	179.9046229	1.155469371	-1	-1	0
66.06742617	77.409146	232.537307	1.072048243	1	1	0
94.33477371	50.99009184	243.478351	1.242090748	1	1	0
21.69956672	114.0815192	10.96910339	1.155608056	-1	-1	0
53.07926317	85.00063299	255.4343832	0.7915835687	-1	-1	0
59.84777608	14.68561129	271.7547718	0.1331670926	1	1	0
11.10118294	63.09342216	256.9003082	0.9072451486	-1	-1	0
74.83183356	63.53360513	258.0862288	0.8780018786	1	1	0
111.0040781	52.9484777	274.4764928	0.982650917	-1	-1	0
0.3937488407	42.2731678	247.6865537	1.141985621	-1	-1	0
116.5994188	99.77284167	139.80271	0.3628089893	1	1	0
108.3895308	67.83069845	246.4999978	1.262047479	1	1	0
12.53322521	85.2846504	128.7095067	0.9055673959	-1	-1	0
42.43390444	39.57840352	230.8359349	1.212651992	1	1	0
110.8461254	118.4151518	265.5930989	0.4444304718	-1	-1	0
22.61219944	71.14877142	136.5918422	1.014070018	-1	-1	0
49.51876309	106.8707236	46.42067129	0.5366795339	1	1	0
98.44335448	37.17011813	152.8906929	1.235127014	1	1	0
62.80847308	113.1770304	128.5517497	0.5390880113	-1	-1	0
88.5347083	57.74366612	174.6982727	1.054915889	-1	-1	0
98.16639635	6.640140843	133.5210146	1.151483469	1	1	0
35.79831694	65.31824299	135.5106273	1.205889493	1	1	0
33.75187386	1.452999475	132.8334462	1.337427765	-1	-1	0
21.92135258	48.20810764	135.0863397	1.012993875	-1	-1	0
89.57923087	7.15564983	146.6970486	1.434353952	1	1	0
20.75365619	18.28020302	232.8568034	1.23363103	1	1	0
107.2585981	36.04884347	137.8377225	1.328108714	1	1	0
102.0022614	118.6718202	248.7609474	0.444088183	-1	-1	0
100.9591892	105.2628705	242.6321611	0.2617085198	-1	-1	0
2.504752842	106.2270021	154.8813224	0.3641190587	1	1	0
80.35902059	56.63829013	243.6997967	1.148141598	1	1	0
82.91092272	64.60663589	163.5651818	0.9619668599	-1	-1	0
61.82793668	84.61410307	269.6201851	0.8858296143	-1	-1	0
45.83724335	8.878550247	352.5309736	0.317752474	-1	-1	0
86.08200595	72.60067978	175.5700595	0.8892903487	-1	-1	0
84.09421421	41.3413535	260.3678431	0.7685618505	1	1	0
102.3005483	29.14025915	232.3106454	0.9638186228	-1	-1	0
66.18517607	91.50194029	253.8132241	0.3545879577	1	1	0
76.94389087	14.74964377	271.3290336	1.34257197	-1	-1	0
54.9025566	7.777560744	350.4689255	0.04028805102	-1	-1	0
21.69079864	33.26595685	231.1398858	1.117801013	1	1	0
70.65149059	84.08796902	284.1957106	0.9794565486	-1	-1	0
115.6294313	83.02085161	31.04538208	1.271074554	1	1	0
119.6053046	27.40606603	258.1854752	1.067279525	-1	-1	0
78.37683998	48.20188744	243.6339864	1.142269314	1	1	0
108.8211094	102.0329659	233.8040926	0.3599575243	-1	-1	0
67.05749052	105.7091931	10.33980801	0.542420342	1	1	0
72.89489771	21.95794562	269.8929908	0.3111647972	1	1	0
41.9362264	1.715618969	176.8396187	0.1352904601	1	1	0
94.02462065	14.17815727	9.812600155	0.776130895	-1	-1	0
67.93114596	0.2931050397	136.8498892	0.2156810755	1	1	0
103.3952796	74.58463738	154.5628479	0.9898520642	-1	-1	0
101.7596412	88.7031744	26.58769736	1.082273617	-1	-1	0
115.9047259	35.19722501	127.4052493	1.328209432	1	1	0
9.253446436	77.31346386	127.9765904	0.9067652552	-1	-1	0
76.72708848	0.2644450625	264.6811939	1.15766719	-1	-1	0
14.47252597	70.63992321	276.0613729	1.278527146	1	1	0
71.80257838	112.8473939	250.5007815	0.263343669	-1	-1	0
62.04259345	98.87100025	247.8953902	0.1672357662	-1	-1	0
81.38328887	7.384015188	254.4142588	1.341443397	-1	-1	0
75.45328305	105.3931059	252.7736623	0.2631203882	-1	-1	0
3.94847033	84.19660086	133.0506931	0.8127237154	-1	-1	0
99.84526306	66.86060509	241.3147181	1.262082225	1	1	0
86.36890845	49.5266056	181.4118293	1.234596682	-1	-1	0
34.24824988	40.02482389	165.8208673	0.9331982653	-1	-1	0
83.57297324	89.87833278	254.0107358	0.1697296046	-1	-1	0
17.73950174	78.35660758	122.0375392	0.9985905883	-1	-1	0
16.98679602	26.06685635	246.2409776	1.210154176	1	1	0
112.1181841	75.50305166	142.053969	0.9042504396	-1	-1	0
25.18557161	55.87133876	260.0169844	1.292225263	1	1	0
96.84917256	112.3507247	258.7320409	0.6326553714	1	1	0
91.56510663	65.84760981	173.9825522	0.966600115	-1	-1	0
19.47291676	63.51959016	260.2585051	1.293280111	1	1	0
27.62060532	63.84212124	147.2682523	1.014658435	-1	-1	0
112.1440146	43.18600794	145.6582894	1.419018349	1	1	0
106.503809	111.3416605	256.4531654	0.5371951914	1	1	0
30.38012763	47.33982903	112.3677957	1.305462648	1	1	0
92.33715622	104.6778438	254.8671724	0.1661963975	-1	-1	0
45.27117786	114.1170608	94.68680601	0.2575226578	-1	-1	0
38.33708301	32.30245065	156.1543328	1.026118247	-1	-1	0
106.4488506	21.1982973	249.5317764	0.8822161034	-1	-1	0
72.26357007	7.731287206	144.3835845	0.1223081453	1	1	0
25.75552207	40.38761422	151.3764494	0.9331981027	-1	-1	0
110.4123563	89.60819989	16.4264351	1.175395569	-1	-1	0
5.786302415	69.47054894	268.0788231	1.187202145	1	1	0
37.59045575	17.4876826	170.6074242	0.9556428973	-1	-1	0
50.40535961	0.990901703	167.9665583	0.1336855696	1	1	0
79.67649083	97.68016444	271.5076151	0.1681149627	-1	-1	0
57.4335657	92.06503128	268.8800483	0.3282336635	1	1	0
42.18664802	24.82699853	154.2566849	1.048014702	-1	-1	0
106.9206852	81.9975014	17.59437947	1.26987106	1	1	0
93.26184989	119.8351789	232.6942908	0.2241644908	-1	-1	0
53.28840004	99.47495002	231.1774806	0.1645203028	-1	-1	0
87.87972395	97.32312495	126.5196977	0.3575849313	1	1	0
57.34123684	77.80776041	248.5916335	1.071949885	1	1	0
26.17843761	78.65625728	142.7563739	1.371114549	1	1	0
83.84788637	105.0859012	262.0239949	0.165612877	-1	-1	0
88.55985544	112.4601921	249.2507574	0.1625342741	-1	-1	0
0.8139814645	76.29558895	129.6433061	0.9042382557	-1	-1	0
12.1389102	19.46645705	263.7041249	0.9341205891	-1	-1	0
114.8177476	20.87190125	255.6500736	1.244173581	1	1	0
77.97139003	71.76557649	240.9267495	0.979407323	1	1	0
76.01317454	40.15269856	163.6365933	0.9547224146	-1	-1	0
45.81109467	17.14503951	231.6135714	0.6902139867	1	1	0
59.14461208	0.5274127776	150.5875564	0.2265222586	1	1	0
28.94059445	17.53335697	159.9982397	1.048757684	-1	-1	0
94.14192994	29.37969302	169.6725528	1.05243122	1	1	0
8.924230405	41.18200452	251.1757529	1.210986556	1	1	0
94.6987741	73.75315202	165.3705582	0.9883286734	-1	-1	0
72.25810678	55.31026135	181.2964859	1.343809096	-1	-1	0
89.37194419	80.18737978	359.2290323	1.261726831	1	1	0
117.0545553	68.72217218	258.0100123	1.262021449	1	1	0
98.22833188	81.07943355	6.147425928	1.266652498	1	1	0
31.26072	72.09396388	156.800863	1.01567524	-1	-1	0
106.5223484	5.985307951	255.5174901	0.5382068193	-1	-1	0
