120	120
35.70617196	89.38834599	292.6384078	0.6486433715	-1	-1	0
38.97207942	31.42451957	242.0612967	0.9679106571	1	1	0
111.8468171	22.51300398	10.41977591	1.236841718	1	1	0
101.7666736	3.285438117	15.07050251	0.7810902304	1	1	0
90.50488648	51.52905115	284.6504217	0.4970712376	-1	-1	0
39.96675128	53.2896386	119.1264881	0.9653411678	1	1	0
24.99640674	36.80891285	290.8672995	0.593122955	-1	-1	0
105.5183987	27.74517209	313.6720245	1.052902475	-1	-1	0
93.66644613	39.52696127	351.254621	1.24663328	1	1	0
31.27660596	81.67578835	277.4478737	0.6358958923	-1	-1	0
30.41325391	30.06521436	287.3181969	0.5933436406	-1	-1	0
73.67091062	52.24489212	129.9398475	0.7746022114	1	1	0
97.14914358	24.89316219	331.7245291	1.069828613	-1	-1	0
48.59418329	97.27742569	291.6959443	0.8333989814	-1	-1	0
44.04685283	90.07976881	337.473752	1.019391826	1	1	0
52.7241744	104.5076088	233.7083547	0.8421762924	1	1	0
61.81544729	75.83116217	152.549674	0.7659654254	-1	-1	0
77.59237709	59.61975443	260.9884921	0.6776676605	-1	-1	0
52.85471815	90.16100102	354.9079844	1.024603566	1	1	0
79.50499035	92.07516082	293.2380152	0.646694085	-1	-1	0
18.11401643	59.36416175	155.6178372	0.7776759682	-1	-1	0
115.2043526	39.07034798	193.242085	1.233514094	-1	-1	0
33.61180813	15.45764118	2.824896314	0.8778501282	1	1	0
26.95344536	74.35667717	250.1286235	0.07782887772	1	1	0
0.4135963129	58.74680038	220.5315049	0.533365209	1	1	0
64.64513179	14.28052896	305.9959324	1.145487754	-1	-1	0
43.93782969	104.1588324	218.1059486	0.9273989148	1	1	0
44.70171777	60.19764134	144.4311327	0.8206973296	-1	-1	0
74.46098063	83.67356777	147.4955997	0.5615240654	-1	-1	0
86.42748906	58.9877844	352.3052372	1.051982902	1	1	0
61.4361076	28.59158121	347.5515899	1.345812005	1	1	0
93.95728998	62.47926897	105.2799361	0.9605059865	-1	-1	0
39.75976683	82.31771444	351.8249255	1.014076517	1	1	0
69.25386732	31.06633074	310.4850209	1.062278378	-1	-1	0
91.34111827	100.9781224	293.343946	1.103235694	-1	-1	0
77.47378716	33.42479175	353.4448349	0.7829282731	1	1	0
65.58873514	53.39058686	258.9329562	0.6035823221	-1	-1	0
108.6466266	67.79312553	168.9996448	0.2118223997	-1	-1	0
22.91443114	52.10809455	171.5990922	0.6848821782	-1	-1	0
56.18847255	112.1724713	302.9631198	1.214673448	-1	-1	0
77.82097932	106.9809416	18.43266735	0.1901843054	1	1	0
66.03713223	83.00973733	9.503718599	1.117688414	1	1	0
31.54308124	96.72447224	213.8514319	0.5555298178	1	1	0
81.31258608	19.08630034	315.9035014	0.9760600368	-1	-1	0
87.67311779	93.70016399	238.2535117	1.196351917	1	1	0
61.15635324	60.95895597	271.1432513	0.5448345597	-1	-1	0
66.46918934	68.47087233	141.9879237	0.8598260484	-1	-1	0
5.906841003	95.40716595	274.6065827	0.09217646165	-1	-1	0
27.24097932	45.09960074	117.1977902	0.8725172449	1	1	0
83.00963632	66.55567742	281.7802654	0.7723606942	-1	-1	0
83.58697397	27.81066759	328.9474931	1.159195643	-1	-1	0
86.06111254	44.77664064	233.6330863	0.5893897721	1	1	0
9.719962094	59.0448855	252.7185153	0.5343449202	1	1	0
117.318407	80.79348948	229.9613661	0.4420868518	1	1	0
95.56313751	16.51284846	338.2805655	1.13682316	1	1	0
116.7836304	66.43271416	215.3316024	0.5333546082	1	1	0
61.52789502	90.36710394	8.083857604	1.117582766	1	1	0
13.83381609	66.59746174	243.1791456	0.3465534839	1	1	0
99.58949918	100.8846338	10.33430453	0.07695599592	1	1	0
119.9813292	45.73552342	222.3872311	0.2091844019	1	1	0
33.60453312	37.83541584	281.3431953	0.6861976862	-1	-1	0
115.0030551	52.37668722	287.8734175	0.1244988077	-1	-1	0
14.15175881	96.3621236	248.7466054	0.5525007964	1	1	0
26.6408012	59.58045452	0.46024395	0.775906375	1	1	0
62.66920969	36.89581597	326.5641953	1.155800957	-1	-1	0
70.63690845	8.427883252	225.6731861	1.425306594	1	1	0
110.2517672	14.46963483	192.7832126	0.9506118254	-1	-1	0
53.06887404	75.6964237	169.904625	0.7314890975	-1	-1	0
87.86377511	13.26498505	329.8309359	0.8757222826	-1	-1	0
76.10027321	2.067171925	80.10061186	1.236133778	-1	-1	0
55.97842696	12.48194319	286.8999553	0.9592021596	-1	-1	0
14.31330332	81.28859764	45.79866714	0.1805361489	-1	-1	0
103.6027539	108.0342164	156.6983698	0.1693465774	-1	-1	0
14.62335592	51.72389991	237.5098929	0.8707435955	1	1	0
102.7563278	61.90302633	179.9937956	0.4939406756	1	1	0
18.90668551	44.37482809	155.0327023	0.6855004099	-1	-1	0
106.1390625	53.41793077	306.81169	0.4002640233	-1	-1	0
64.29457927	113.020651	113.972033	1.409095375	1	1	0
22.5839409	81.98256826	231.9253416	0.3654345158	1	1	0
18.82599669	89.38158479	42.95532745	0.1789754667	-1	-1	0
18.20429379	74.18964821	235.7210821	0.2716333858	1	1	0
22.36353311	28.30705944	359.3428493	0.8726073455	1	1	0
69.63808323	106.4517408	292.6874056	1.221484736	-1	-1	0
62.01241841	6.616323373	242.9056072	1.330995992	1	1	0
48.7487202	68.00996215	158.0615035	0.7313489449	-1	-1	0
41.74506243	17.35777526	288.9698914	0.6009848484	-1	-1	0
101.4438884	43.19738866	322.1055134	1.060386218	-1	-1	0
1.717348143	88.35915137	247.8560059	0.3737883933	1	1	0
70.62668701	39.25712346	9.593010277	0.2167882171	1	1	0
10.46703158	88.4746402	233.2335374	0.371634521	1	1	0
102.0234304	11.4622197	207.2102078	0.8571762042	-1	-1	0
94.19634455	7.899476649	354.6377205	0.9673013381	1	1	0
78.39627892	41.72493231	71.69801682	0.2240656079	-1	-1	0
48.34059986	82.92350911	163.2522261	0.7277810775	-1	-1	0
106.9312211	37.1256576	347.4838216	1.238818384	1	1	0
26.95106521	103.7581396	294.9428984	0.2742370893	-1	-1	0
47.47514812	111.4457784	317.4139057	1.30780843	-1	-1	0
67.41174952	22.31345437	348.9936835	1.346112597	1	1	0
51.13787927	118.7659975	114.3539409	0.00329385901	1	1	0
74.82847561	67.64311569	107.3419299	1.144679887	1	1	0
69.95204878	91.11420034	151.2684912	0.5617082616	-1	-1	0
27.61201792	21.74871183	302.6434161	0.5033543995	-1	-1	0
57.26995036	97.4243746	276.6948341	0.8421178688	-1	-1	0
82.5770265	100.2966109	279.4278058	0.8239076308	-1	-1	0
57.3124419	68.62158033	114.95176	0.9178877625	1	1	0
57.22207897	82.80738106	354.2562152	1.024578456	1	1	0
1.814779641	73.50532417	229.6735146	0.5340693428	1	1	0
22.54449033	110.7371519	353.251655	0.5530736244	1	1	0
61.33638263	105.1600382	289.9268074	1.128220518	-1	-1	0
79.00486265	75.1036804	104.6043833	1.144678064	1	1	0
58.99282273	20.29386862	261.9180019	0.0396727045	1	1	0
53.38792863	26.54931901	300.5223614	0.8766879122	-1	-1	0
74.38274993	98.45247139	7.880574804	0.9257504132	1	1	0
5.809326656	51.64522787	275.5070701	0.1615194077	-1	-1	0
72.96769335	114.2732677	0.3531223262	0.0252199653	1	1	0
99.09975505	115.4783319	172.1422654	0.1693500157	-1	-1	0
91.49690597	30.93186485	336.2694905	1.348656682	1	1	0
109.8154952	45.64343575	326.2992576	1.238365429	1	1	0
31.48113521	67.45518199	156.835902	1.101579458	-1	-1	0
85.42380494	36.43236274	87.62146929	0.1294980795	-1	-1	0
10.0114594	73.73883391	36.15888367	0.1785283953	-1	-1	0
47.20645313	10.97759464	234.6535807	0.8803500821	1	1	0
81.32694074	114.5034702	54.58785198	1.329942317	-1	-1	0
44.31137684	75.37703836	158.0689928	0.7279011325	-1	-1	0
111.3804094	59.84854134	201.8662864	0.4945417419	1	1	0
35.8178976	45.73083617	129.2254235	0.9655615954	1	1	0
44.65738668	25.34367592	285.0792824	0.6891403029	-1	-1	0
35.99786729	23.655824	296.1433243	0.596265168	-1	-1	0
70.6572374	76.03969934	140.5421274	0.6769868147	-1	-1	0
81.81611038	51.96699084	270.5136354	0.4962762647	-1	-1	0
5.145775619	65.90449797	40.70815501	0.3480772276	-1	-1	0
99.33271512	33.66730638	321.4732167	1.052376199	-1	-1	0
97.74432392	55.1614207	176.3934917	0.589022956	1	1	0
65.53822476	98.1466704	355.9221459	1.027365638	1	1	0
52.95599301	61.08832726	130.1946312	0.9176146572	1	1	0
31.59485389	52.69189886	156.248579	0.7791058666	-1	-1	0
35.28502925	104.5102597	224.2434653	0.6479947045	1	1	0
50.08977343	18.97426117	239.1242755	0.8793050212	1	1	0
89.09692819	21.87294233	341.8577289	1.162970802	1	1	0
73.16580239	16.33115436	323.2943225	1.064393968	-1	-1	0
38.9607696	9.115373509	301.1474442	0.5984837611	-1	-1	0
75.28018038	25.07421798	312.3170071	1.066240145	-1	-1	0
18.20393267	103.5455822	276.9937972	0.2742247912	-1	-1	0
86.42793355	107.8803221	5.189645524	0.09690382724	1	1	0
40.27557199	67.33661051	358.4769194	1.2861766	1	1	0
39.89563949	97.13953453	307.9653503	0.9273680113	-1	-1	0
95.12349543	108.3664075	353.782213	0.07668577581	1	1	0
67.48903203	0.5152784457	64.91527883	1.237646474	-1	-1	0
69.43949407	60.6893633	127.0993334	0.9655708704	1	1	0
79.8025109	10.86127649	106.8725462	1.16229546	1	1	0
27.28134789	89.29498295	219.4788219	0.5516498507	1	1	0
22.84329156	96.66136029	229.980817	0.5527976647	1	1	0
35.90111423	60.29538887	164.9034653	0.9136395415	-1	-1	0
90.47588908	69.8482648	171.7897049	0.9587951664	1	1	0
103.6517756	19.57556535	353.2712574	1.229907953	1	1	0
5.810994006	81.23290883	37.82132399	0.1830985026	-1	-1	0
22.64138877	67.19257928	170.9798429	1.335628968	-1	-1	0
35.75033766	74.51475157	5.996720445	1.28785761	1	1	0
90.20965732	115.0551231	63.26282524	1.406454868	-1	-1	0
113.0115281	31.18529902	359.4579871	1.328915969	1	1	0
