120	120
76.66384981	104.1464841	235.3302066	1.116596046	-1	-1	0
33.46340191	52.40449121	309.6298612	1.152612623	-1	-1	0
11.40654974	8.484937328	75.31210552	0.553502046	-1	-1	0
75.74981057	6.833507919	87.37729563	0.4039851752	-1	-1	0
31.11982086	39.0635895	306.4663487	1.057097578	-1	-1	0
84.10485539	11.38262825	280.5630688	0.6709127515	1	1	0
30.2140984	60.58242923	318.9268928	0.2346757163	1	1	0
67.87540019	45.68885789	294.6899997	1.412094236	1	1	0
56.31493616	56.162353	294.349601	1.334823336	1	1	0
76.00149976	43.77493005	300.3421828	1.24266413	-1	-1	0
13.76515416	0.03157253979	60.25208631	0.6467345116	-1	-1	0
107.6171533	103.1047097	35.49507124	0.8417408071	1	1	0
41.97234479	109.1599674	129.0185165	1.361809098	-1	-1	0
66.14269033	53.91549558	60.24599647	1.052613268	-1	-1	0
81.60687128	28.12802696	60.44408928	0.01591127169	-1	-1	0
78.84330677	65.54716999	188.5281996	0.9589552954	-1	-1	0
5.116279587	26.74135557	211.1081998	1.300764235	-1	-1	0
91.61916485	76.92471559	332.0134319	0.2095885197	-1	-1	0
79.20890936	95.96937881	276.3184779	0.6506240125	1	1	0
22.48190783	40.22408714	319.4546103	1.069615872	-1	-1	0
29.46290332	0.389610933	128.3473743	0.402150205	-1	-1	0
63.57088742	15.33066318	323.869484	0.5895624374	1	1	0
85.20370469	101.6220549	217.4295479	0.745021733	-1	-1	0
64.93574831	30.69361884	311.0250261	0.01473147057	1	1	0
108.0958326	72.49276979	199.8707813	0.5907728962	-1	-1	0
42.65026709	28.47571753	297.8387384	0.9559551429	-1	-1	0
0.4887107276	34.33028361	332.0736696	0.09893198562	-1	-1	0
1.907706502	106.7009639	135.3690104	1.096809654	1	1	0
13.9404323	87.20228507	322.4252161	0.9122518801	-1	-1	0
5.304025438	42.4111316	305.0319917	0.9680274253	-1	-1	0
67.58748955	22.61779911	59.29112247	0.2953293814	-1	-1	0
51.08607567	49.6197679	317.4187081	0.964450188	-1	-1	0
5.164520647	67.52707127	153.3642383	1.290263844	1	1	0
69.83737116	37.63621901	316.7572339	1.318627658	-1	-1	0
108.8661641	6.023408052	334.5146866	0.5692434607	-1	-1	0
55.87896246	33.59958126	65.96906304	0.9572720433	-1	-1	0
25.22320703	77.17312281	322.3859769	1.195559638	-1	-1	0
43.93373828	117.2790166	186.4595489	0.2181946225	1	1	0
35.78856238	66.56016	180.9758017	0.4447946734	-1	-1	0
39.14932404	58.85974227	305.0867079	0.7934061227	1	1	0
80.24335727	57.06259224	177.4823251	1.052658879	-1	-1	0
117.0122678	70.2489885	215.80689	0.8248822849	-1	-1	0
5.784942636	90.07881106	162.4750188	0.1677456364	1	1	0
69.99982237	119.3583929	56.20469858	0.5902303477	-1	-1	0
58.80276226	25.17439412	77.14504027	1.038969807	-1	-1	0
69.27568528	76.90392175	189.4053074	0.6790051416	-1	-1	0
72.33368325	60.17488865	292.5320488	1.238755225	1	1	0
22.05791196	62.59923221	316.3918557	1.263702657	-1	-1	0
40.0886872	80.88955402	21.9582221	0.0775820489	-1	-1	0
98.01602105	82.71454638	316.8285824	0.2846218255	-1	-1	0
94.76188186	1.963761921	42.16526062	0.2061999353	1	1	0
39.4749054	36.46807163	289.7471516	1.051329179	-1	-1	0
7.85374444	59.46331868	323.0447856	1.07144273	-1	-1	0
82.47162251	49.01627861	292.0116914	1.24230511	1	1	0
104.0976976	22.23586947	156.379363	0.7628455564	1	1	0
91.13444451	107.4296545	273.9742094	0.937856383	1	1	0
42.11517321	51.15441925	321.0519459	0.9650281165	-1	-1	0
101.717639	97.18523324	319.1633715	0.657342595	-1	-1	0
27.71469784	46.57805835	184.3854445	1.348453543	1	1	0
95.31546073	59.92414599	203.3173008	1.054891816	-1	-1	0
75.46405556	82.35980697	153.4185238	0.9538280814	1	1	0
13.91502964	40.98940224	321.658152	1.07016687	-1	-1	0
47.72589164	35.16847777	315.8274168	1.328162678	1	1	0
80.39825157	117.7043912	355.061287	0.4793536345	-1	-1	0
114.0491399	109.6698319	334.3269988	0.7476635692	-1	-1	0
50.85494284	26.99274512	302.1014834	1.23530793	1	1	0
93.82547414	99.42620106	270.7389587	0.9321711161	1	1	0
32.15718412	84.05486835	17.29435481	0.2637862222	-1	-1	0
8.579698427	34.70602941	180.6684187	1.433478975	1	1	0
112.4197085	20.06456929	322.3679609	0.4836777312	-1	-1	0
93.38534114	68.30538192	209.7088883	1.149484834	-1	-1	0
59.06133078	8.361090005	299.9265385	0.3102279479	-1	-1	0
85.47434677	71.18654168	156.3427194	0.865011962	1	1	0
24.8353711	54.35448874	301.3721402	1.255015275	-1	-1	0
105.5851561	111.4979532	325.670648	0.6650846649	-1	-1	0
0.7792021082	18.72209945	168.9774252	0.7418284148	1	1	0
114.8398078	11.90231547	156.4717529	0.8226025638	1	1	0
109.766521	94.78210588	322.2656444	0.7509640298	-1	-1	0
33.25136201	75.5015585	320.2550289	0.1690730113	1	1	0
67.5373042	7.497631225	309.367299	0.5888333258	1	1	0
74.13102204	51.6619526	311.2544617	1.335624647	1	1	0
78.12590082	35.75119311	68.82642583	0.2022216953	1	1	0
34.19857834	106.4752049	213.0118186	0.05806673716	1	1	0
111.4730797	117.7701279	326.821892	0.6647495538	-1	-1	0
74.31087079	112.2102013	237.0680077	1.209688706	1	1	0
0.3204124369	83.96392152	344.6049747	1.011257534	-1	-1	0
76.9479646	73.73796351	169.6059222	0.9581396045	1	1	0
103.1451579	119.734414	328.2356219	0.6644353224	-1	-1	0
114.4182258	78.3434949	145.695418	1.383525877	1	1	0
40.91928959	100.8721072	195.7140495	0.1501108364	1	1	0
89.85937221	84.88337381	276.4815228	0.3920995609	1	1	0
88.72836667	115.3743485	341.7888261	0.5725156858	-1	-1	0
111.8098275	86.32824087	334.217174	1.011843668	-1	-1	0
27.52457926	68.90907876	302.1321126	0.07603131623	1	1	0
73.0042343	29.42578175	78.06278203	0.01591482206	-1	-1	0
76.15947403	21.76263264	190.3655106	0.4962281267	1	1	0
99.61096206	105.5645059	330.688248	0.657388585	-1	-1	0
59.51041336	48.08941988	284.6550167	1.32201355	1	1	0
16.12356568	56.18270345	311.4987103	1.164554995	-1	-1	0
35.62556445	115.0574361	196.1098255	0.3112444473	1	1	0
86.69950038	3.65665177	341.5774967	0.4845676322	-1	-1	0
3.700876873	98.47882117	336.2815648	0.8187706169	-1	-1	0
10.05317693	103.5046058	144.3777478	1.005116472	1	1	0
3.167462889	10.95142918	89.2552007	0.4613763319	-1	-1	0
19.97575949	109.4741897	323.6306643	0.9130104883	1	1	0
19.47686558	70.90911577	333.0313635	1.265430303	-1	-1	0
28.35082971	91.5363308	263.0599457	0.9890820375	1	1	0
45.24090297	43.03582553	303.6375395	1.043448247	-1	-1	0
87.57313241	93.52009327	257.9257071	0.7458534271	1	1	0
19.11598379	48.06636392	308.7303381	1.163134319	-1	-1	0
61.74613807	39.54029166	282.7648232	1.32259013	1	1	0
33.06993639	98.2116384	251.7587367	0.8963038523	-1	-1	0
100.7779742	7.968479851	43.04823795	0.392371667	1	1	0
92.4590652	10.17521626	327.7816773	0.4873147298	-1	-1	0
101.6289532	66.23356963	215.0646929	0.9633741374	-1	-1	0
71.65293838	14.73448193	73.34081432	0.3098769824	-1	-1	0
10.89920969	48.80996573	302.8325559	1.442703485	1	1	0
115.5738545	101.3070462	345.2639893	0.7248239297	-1	-1	0
117.7490908	92.52545276	164.2153937	0.1668411955	1	1	0
105.934625	80.40671022	56.27279365	0.2647573162	1	1	0
26.20846757	102.992957	301.1645214	1.179109093	1	1	0
97.16342467	113.703982	327.225328	0.6643693607	-1	-1	0
21.66101254	117.8047362	313.2678749	0.7749582171	1	1	0
11.99303759	111.5072802	54.35946088	0.7267413353	-1	-1	0
89.29944964	18.1106443	333.473449	0.39507101	-1	-1	0
13.86909821	64.8878742	167.2150977	1.028907629	1	1	0
72.96599424	90.31243894	321.1737218	0.672563428	-1	-1	0
16.78274242	14.7424594	284.3331059	0.8332030835	1	1	0
82.68826689	109.6344643	256.4594862	1.038221111	1	1	0
116.8171974	26.87004067	197.0975986	0.6500504379	1	1	0
9.073877862	17.54874913	80.00444052	0.5558944383	-1	-1	0
19.30913013	6.284671466	298.4416204	0.8328262247	1	1	0
61.97078754	0.748158903	328.1780866	0.5897092423	1	1	0
37.00406273	44.68388214	185.6851578	1.245442493	1	1	0
86.97323211	62.73024445	197.1073175	1.052357702	-1	-1	0
95.53881046	91.20340037	332.8860858	0.4655795902	-1	-1	0
53.42360261	41.70998608	298.3648907	1.322548463	1	1	0
99.59894538	74.30092677	37.80296472	0.4975813851	1	1	0
27.92397649	111.7380578	112.902209	0.3112783151	-1	-1	0
88.64022843	54.34449837	195.8193177	1.052657138	-1	-1	0
103.6120907	88.8946492	39.0399875	0.5647253146	1	1	0
83.25173655	79.28712416	315.4688194	0.4894839205	-1	-1	0
119.9506163	115.6224217	156.7053837	1.10257243	1	1	0
11.9868658	95.37162858	324.4779706	0.7264755566	-1	-1	0
20.08067953	93.50747419	274.6639751	1.003412373	1	1	0
47.87841712	57.739725	305.6009742	0.9631117688	-1	-1	0
11.08938454	73.31376793	341.091869	1.358540551	-1	-1	0
16.90034375	79.34365049	158.6234533	1.171761683	1	1	0
18.04291321	101.5046849	338.3276484	0.632548294	-1	-1	0
81.39784222	87.97429514	337.9282427	0.6719444025	-1	-1	0
3.026444416	76.07740925	133.9562711	1.29043739	1	1	0
117.3839914	3.816168091	322.4647534	0.7300356883	-1	-1	0
68.21917531	106.7958888	251.6444362	1.116506207	-1	-1	0
22.48718213	85.48186751	340.6927772	0.9122523545	-1	-1	0
97.96446054	16.65442356	331.3610346	0.4823831077	-1	-1	0
41.24739913	72.61815325	322.9724982	0.3552909159	1	1	0
106.357629	14.24968149	319.8367603	0.4836005092	-1	-1	0
37.02193032	90.82763692	243.3097524	0.9892350806	1	1	0
70.55056751	68.29401244	173.395457	0.8652503616	-1	-1	0
5.634941814	2.468571403	167.1723169	1.108431512	1	1	0
