120	120
5.90942245	106.1172505	145.7425621	1.439459444	1	1	0
64.60685246	19.42945832	351.0683759	1.138953073	-1	-1	0
97.60210918	69.71460539	194.5125929	1.275531927	1	1	0
66.3010621	63.92842865	309.1896155	1.243755175	-1	-1	0
43.77883015	111.5262084	314.0031617	1.071800873	-1	-1	0
5.422718893	51.80637469	86.68190141	0.1493394911	-1	-1	0
106.4876585	115.5721431	289.9212126	1.245728057	-1	-1	0
93.02671646	76.6394604	310.3473297	0.9025436813	-1	-1	0
30.99725567	50.19416039	49.07481832	1.162491987	1	1	0
114.4784854	118.0032974	263.2813353	0.03477583397	1	1	0
25.91931501	70.98718001	45.77182229	0.2894973389	-1	-1	0
52.39978755	41.9312705	96.07064111	1.253889261	-1	-1	0
18.39335309	5.443153886	319.3701125	1.258810761	-1	-1	0
19.92181756	102.2355095	294.9145726	1.254598205	-1	-1	0
73.97568812	49.36137706	51.46994679	0.4081817442	-1	-1	0
114.9664612	95.70792225	142.6476519	1.347999067	1	1	0
72.7054217	19.59036556	56.11982143	1.138879427	1	1	0
116.6789816	52.37322806	328.1111041	1.453193081	-1	-1	0
55.80666076	102.7603972	323.3617214	0.9940498363	-1	-1	0
52.22876064	110.6381042	309.8245587	1.072110247	-1	-1	0
11.41622035	99.44948812	268.1528153	1.3478896	-1	-1	0
6.563312425	83.19795321	43.57242499	0.9775589008	-1	-1	0
51.21272905	95.86845911	49.39078876	1.273550565	1	1	0
24.89519187	13.28167541	108.260511	1.150525032	-1	-1	0
103.8918836	86.07818814	67.09677837	1.083120171	-1	-1	0
47.56883011	103.7706004	65.99799313	1.35089864	1	1	0
0.9162902684	89.81688855	28.37781656	1.074160806	-1	-1	0
117.9200696	103.6694428	149.8774125	1.244575434	-1	-1	0
28.46702472	79.25324649	60.75071716	0.1956992428	-1	-1	0
55.347433	19.41047228	119.9307003	1.154345771	-1	-1	0
10.35200814	3.388867701	12.31643779	0.03227347809	1	1	0
89.62810616	19.18209493	205.1716031	0.5785325383	-1	-1	0
37.76082493	116.9444574	9.005373995	1.081911057	1	1	0
4.712097618	37.66989961	325.0248081	1.07702647	-1	-1	0
34.17365842	27.94810061	166.8929437	1.442089051	1	1	0
88.16748474	55.4273579	186.6382369	0.8955362674	1	1	0
17.19400329	92.68361185	283.6049975	1.441012711	-1	-1	0
81.07863054	19.16898829	200.1166925	0.5811750478	-1	-1	0
70.9360512	70.67663545	208.5199581	1.245086531	1	1	0
18.40128993	43.8946612	71.1257468	0.04604190986	1	1	0
95.18140075	40.48295871	51.56091247	0.8763315796	1	1	0
48.23796794	49.57167453	110.4633425	1.160565107	-1	-1	0
104.9248685	53.8188368	170.0933023	1.185520857	1	1	0
61.26676074	56.14184615	75.57038973	0.4064378211	-1	-1	0
82.75525675	48.74396919	67.86052658	0.593809071	-1	-1	0
11.95992744	20.402211	107.9506605	1.074461398	-1	-1	0
29.12783292	20.88303077	94.49740245	1.237169431	-1	-1	0
79.22978719	56.16986749	207.3300063	0.8719259983	1	1	0
11.91844991	76.31991296	57.85295172	0.9751490568	-1	-1	0
75.13703631	63.4582127	290.2310791	0.8719144546	-1	-1	0
21.93124809	110.8213735	9.112141805	1.347431545	1	1	0
39.57765993	35.18607055	330.2710891	0.6055651671	-1	-1	0
39.77438239	50.35771203	33.24375748	0.9762205245	1	1	0
31.05491479	87.05919356	126.6615692	0.5673043331	1	1	0
88.73713819	69.68078885	211.4045334	1.09047801	1	1	0
44.07490955	57.27095874	128.4502991	0.9745798693	-1	-1	0
112.3828579	87.97393549	46.21359398	1.083779747	-1	-1	0
68.25081419	11.30845847	1.229538576	1.232281498	-1	-1	0
9.179266502	91.20477691	42.47312375	0.04422610314	1	1	0
34.00271823	73.27158284	248.8393843	0.4757874913	1	1	0
112.1063171	109.5309313	279.7869677	0.03422973506	1	1	0
50.70940528	12.80859928	33.90597384	1.34046145	1	1	0
96.64651722	54.90920805	73.26554099	0.6247308213	-1	-1	0
22.75066278	85.79410309	41.66792704	0.100775998	-1	-1	0
3.428044542	97.73017877	160.8314905	1.440628264	1	1	0
117.7612425	81.77217405	262.9267781	0.6050702061	1	1	0
2.444960483	0.5876869758	183.9714056	1.246043238	-1	-1	0
70.20306291	56.61447037	229.1079508	0.220673549	1	1	0
22.80795453	50.82571151	347.567581	1.354968436	-1	-1	0
100.3890519	46.80978824	93.5634593	0.6086722359	-1	-1	0
33.22357233	13.66414083	307.4112596	0.02485835998	1	1	0
114.7012314	73.41443279	244.3434651	0.8006859556	1	1	0
84.02380002	62.84884272	307.3671025	0.895552936	-1	-1	0
42.16068013	72.78101856	149.5608866	0.2895222959	-1	-1	0
42.88403053	96.979859	88.39922348	1.071715229	-1	-1	0
86.5249365	41.35393783	67.93648853	0.8762205523	1	1	0
54.69354846	5.188449903	46.70239181	1.433742362	1	1	0
60.71383929	41.51854135	199.758377	0.2324132477	1	1	0
111.658142	65.12753203	228.5830348	0.8938242973	1	1	0
60.02249284	12.38923119	26.70013919	1.427636825	1	1	0
36.97015731	81.09359933	42.16200537	0.288263268	-1	-1	0
35.99176941	108.324054	350.8849847	1.360120983	1	1	0
8.103711123	68.78797867	113.2892169	1.170219458	1	1	0
81.46917154	34.41433142	194.0098104	0.6745027164	-1	-1	0
97.87588526	91.94125541	105.7535151	1.351266239	1	1	0
56.50233984	49.20431344	188.438551	0.1346212349	1	1	0
103.5729308	107.6926756	2.391504985	1.432671018	1	1	0
71.18174468	3.601618017	265.8227223	1.418494257	1	1	0
69.4056531	41.89928527	68.53859902	0.4152023436	-1	-1	0
8.79804749	11.75533457	136.5746666	1.056979811	-1	-1	0
93.23373356	62.5859445	72.58574436	0.531928619	-1	-1	0
56.29580564	34.14985957	83.60697858	1.163636425	-1	-1	0
13.85640227	108.3322865	289.1317557	1.254294035	-1	-1	0
20.53112976	21.14666138	99.33453028	1.164033049	-1	-1	0
65.53266184	49.10948441	213.2427475	0.4081785793	1	1	0
59.38871454	94.76597354	339.3215561	0.9932439793	-1	-1	0
25.78016362	28.69611354	88.2021357	1.255849196	-1	-1	0
59.66564364	26.55402713	43.74251471	1.418027907	1	1	0
0.2166266542	112.0750374	166.0824017	1.244572282	-1	-1	0
60.48474798	109.791602	300.1217018	1.349230735	1	1	0
91.46164375	47.90109633	83.55521435	0.6160367909	-1	-1	0
100.839409	99.90787731	184.7196053	1.153456623	-1	-1	0
52.39044307	56.87354657	171.2628398	0.04146693646	1	1	0
89.95469636	33.90548815	203.5635392	0.6770330011	-1	-1	0
77.00129781	108.0633139	163.2800149	1.253645329	1	1	0
35.20714197	57.33514311	115.1172886	0.6030386374	-1	-1	0
23.92624544	119.459001	251.7158625	0.03846956204	1	1	0
46.35213898	19.87301253	118.5942389	1.241444512	-1	-1	0
28.11382756	105.2835117	312.149876	1.34764647	-1	-1	0
76.41899493	12.05582315	57.22536519	1.231301444	1	1	0
29.9323461	113.9968001	71.67666522	0.4120015839	-1	-1	0
77.81496254	41.97888558	82.59165666	0.9567610955	1	1	0
57.60996702	117.4714002	324.701674	1.069774158	-1	-1	0
37.77541197	20.51802831	107.8700244	1.241890744	-1	-1	0
17.38215951	28.81107727	170.3460578	1.442506842	1	1	0
119.868122	67.11158789	59.30692386	0.6157876371	-1	-1	0
85.03064224	26.5103144	184.8801757	0.770199653	1	1	0
68.27936023	26.98311566	44.12617477	1.138842593	1	1	0
73.17091583	34.41963634	64.78773898	0.9555371113	1	1	0
14.76567112	84.43399347	23.59765378	0.1372738235	1	1	0
106.4092216	93.87616133	124.1139397	1.3512554	1	1	0
62.89163561	4.384714692	344.5946643	1.139229235	-1	-1	0
47.91041234	34.64747519	68.35874245	0.234352807	1	1	0
106.1497936	71.33588872	81.58324354	1.275074172	-1	-1	0
35.61778465	43.0869979	347.1260775	0.7914351683	-1	-1	0
101.7826691	61.93141308	178.6274774	1.185545199	1	1	0
64.04564632	101.7582821	284.1185316	1.347610061	1	1	0
14.07651472	36.79983165	207.479663	1.350071682	-1	-1	0
16.08932045	116.8454048	305.3423215	1.249065874	-1	-1	0
42.90760617	27.41348314	52.5996983	0.04549104209	1	1	0
43.82180717	42.54394627	51.02808143	0.791873696	1	1	0
48.98649804	118.6205364	312.2538483	1.071722834	-1	-1	0
1.1800508	8.588194288	59.55745437	1.435053284	1	1	0
26.80667009	43.0297335	330.987294	1.070457423	-1	-1	0
93.63023706	26.46359386	179.2767027	0.8633729069	1	1	0
9.612341642	44.18325109	186.9042067	1.26265541	1	1	0
74.03206534	115.693433	105.033874	1.067831943	-1	-1	0
76.77912138	26.94112938	213.0072735	0.5827226542	-1	-1	0
68.67797011	108.709466	88.34220434	1.067833134	-1	-1	0
101.1671172	77.97953991	118.9011979	0.05860956706	1	1	0
1.576973506	59.13928569	191.1011162	0.5220808617	1	1	0
2.930313563	75.3745079	42.93738741	0.7912305355	-1	-1	0
14.09000285	51.05274532	332.9204483	1.447891154	-1	-1	0
17.99095161	58.36453697	312.7760027	0.2424384728	1	1	0
20.41130615	77.62183128	7.439964844	0.286807069	1	1	0
65.8692878	116.6910756	283.9135547	1.348976459	1	1	0
40.0653208	64.67236933	261.4512938	0.6090997093	1	1	0
109.4092743	79.61212445	64.42937014	1.176238316	-1	-1	0
41.91919165	13.21309328	38.34707911	1.421697414	1	1	0
16.75277278	13.52984176	292.4611522	1.336393609	1	1	0
22.29950949	36.09252226	187.0896108	1.442720963	1	1	0
109.3949786	101.7422104	166.7299348	1.165735182	-1	-1	0
26.19799282	58.62049139	94.77059219	0.0997844993	-1	-1	0
0.7825764129	45.05067836	70.51686818	0.05256550797	1	1	0
51.23390396	27.07392505	103.4710971	1.253872599	-1	-1	0
31.10661802	35.88681713	171.0436044	1.432946348	1	1	0
9.901069252	59.54115325	75.76547239	0.1493891719	-1	-1	0
64.7928998	34.40529429	86.09558777	0.7002749477	-1	-1	0
8.151786983	114.6641087	129.1466671	1.439104345	1	1	0
31.51942102	64.93743815	264.7896142	0.5688860664	1	1	0
