120	120
77.69115934	69.93752018	355.2682716	1.479300949	1	1	0
90.95476776	28.12097994	330.0312901	0.9085236017	-1	-1	0
85.94712699	68.77098753	140.7856022	1.296202356	-1	-1	0
113.3447735	28.40482441	116.5495768	0.9992094894	-1	-1	0
104.5004738	15.62127086	187.6498093	1.186667058	1	1	0
53.58074551	101.9339063	23.40765779	1.221563714	-1	-1	0
89.62773675	92.30690675	204.3595725	1.135660276	-1	-1	0
10.91753909	100.4782474	207.2667363	0.76317297	1	1	0
110.0019325	8.753739902	224.3365968	1.392622102	-1	-1	0
38.00763162	76.80622863	258.7750356	0.3324831981	1	1	0
3.753693465	38.10919536	346.9827663	0.4344379794	-1	-1	0
38.9152169	105.716357	359.2256643	1.034727508	-1	-1	0
65.52135597	17.73595272	87.16457961	0.0780953441	1	1	0
114.2414463	98.48997061	95.32237093	1.323174625	1	1	0
90.41359857	60.95942545	131.3309092	1.295265153	-1	-1	0
59.52778688	93.24776503	325.3603867	0.2399089805	-1	-1	0
73.15204629	62.75098135	350.2351467	1.386040078	1	1	0
47.49070262	107.7184896	191.4691085	0.1780593146	1	1	0
30.40872099	103.6691143	345.3297934	0.916642114	-1	-1	0
85.30409494	2.857980031	106.0514596	1.010820447	-1	-1	0
81.30148653	16.35937333	91.22200233	0.4507236535	-1	-1	0
28.01524689	95.18854613	334.6710303	0.8552752361	-1	-1	0
47.14569205	47.6237626	28.25774735	0.8261609463	1	1	0
41.35544687	113.6542183	193.9074363	0.2667653048	1	1	0
100.9863572	39.31882112	330.7134172	0.3413106582	-1	-1	0
55.39669457	62.51475364	10.71025857	0.2415557613	-1	-1	0
90.88630688	116.8820598	205.0516027	1.111046621	1	1	0
47.08911126	62.67170825	29.60526498	0.7037655158	1	1	0
82.94415168	114.4326186	92.24906598	0.9241745967	-1	-1	0
112.6806793	74.67649593	94.64973924	1.297924862	1	1	0
9.645557268	64.08807489	166.7461765	0.9358251362	-1	-1	0
95.13279783	44.83220684	349.7145916	0.1546103101	1	1	0
29.73436629	75.96875292	14.81438749	0.05904145167	-1	-1	0
99.86086788	79.30725184	196.7335762	1.121445061	-1	-1	0
103.2716614	47.61027083	72.69107477	1.458382628	1	1	0
71.95042796	12.7250387	142.0873474	1.475622774	-1	-1	0
51.14678756	5.011586849	352.8313077	1.480820895	-1	-1	0
4.112550935	2.673890519	101.5928092	0.2060062301	1	1	0
116.1712583	83.6556151	95.02459303	1.295348042	1	1	0
113.3361617	58.02164456	139.1766332	1.094654972	-1	-1	0
63.95645964	77.42586335	241.0547269	0.6136628992	1	1	0
36.56134353	97.44595408	351.8069511	0.9483614055	-1	-1	0
55.3514785	77.64503793	16.63239861	0.4273810814	-1	-1	0
118.0453239	106.5910593	337.9291659	0.2059900663	1	1	0
69.16513017	70.08623809	148.4631136	0.6441404657	-1	-1	0
63.39534391	33.00835093	354.3733204	1.381141793	-1	-1	0
50.97623265	40.26057496	108.4860812	0.7327585933	-1	-1	0
85.14715448	53.66606994	132.631194	1.301184736	-1	-1	0
96.68703832	52.98526575	112.7749095	1.27246262	-1	-1	0
51.59077763	55.13897286	14.86100458	0.826160152	1	1	0
16.81166755	94.63430913	327.2450056	0.6694322189	-1	-1	0
51.37826034	94.03456491	171.4177794	1.405521896	1	1	0
113.1198337	113.3954052	216.8301591	1.394248673	-1	-1	0
118.2356416	9.489641258	90.60776781	0.1860690065	1	1	0
72.19217268	47.76283258	12.01209414	1.224764591	-1	-1	0
93.58693907	101.8586333	196.3329672	1.385728885	-1	-1	0
18.03785813	115.6346817	312.6015803	0.1732511115	-1	-1	0
104.9683648	112.1592374	103.9306134	0.1833659728	1	1	0
87.70620929	10.77125013	88.09962576	0.8216934262	1	1	0
68.43645746	55.82297396	22.7372798	1.291796149	-1	-1	0
81.51138186	61.46242519	143.2706906	1.294105365	-1	-1	0
12.4121235	2.759598881	304.5916368	0.08553592549	-1	-1	0
115.8865751	1.580847505	216.4651976	1.396315921	-1	-1	0
95.03147858	86.0253316	99.72241039	1.400629544	1	1	0
34.28388031	69.04166374	273.3779037	0.5250849429	1	1	0
119.8343085	91.68402038	82.3423461	1.229923196	1	1	0
49.16900344	116.4601035	8.942853402	1.480913274	-1	-1	0
96.59141051	110.7162258	321.7827866	0.6418781582	-1	-1	0
97.62768798	94.65495426	88.29240093	1.416966769	1	1	0
80.24440619	46.93051538	280.093963	0.01415597601	1	1	0
107.2024426	33.819403	207.4559927	0.7992169733	1	1	0
88.38961972	108.4363564	217.3497152	1.01741896	1	1	0
111.5040869	50.13283383	58.98157511	1.28097173	1	1	0
43.26703055	2.171788841	207.2653238	0.2695028549	1	1	0
2.595424424	99.56487785	317.2023291	0.5779263865	-1	-1	0
55.36693424	110.4981081	10.43752814	1.388723677	-1	-1	0
1.61547341	114.7301551	306.9011477	0.02009335015	-1	-1	0
0.6947740105	76.92675745	197.9144574	1.109992905	-1	-1	0
99.34303256	30.57115412	346.5183997	0.6294212148	-1	-1	0
82.10971873	76.84454679	165.3948252	1.288690261	-1	-1	0
105.7625153	96.48245843	198.6650855	1.13776499	-1	-1	0
1.615443618	30.13979991	207.9812906	0.3404754199	1	1	0
84.94682279	35.21689933	341.7498979	1.458916665	-1	-1	0
101.937048	7.13681921	204.3390853	1.2030268	1	1	0
109.7907979	105.259572	198.3434421	1.301515491	-1	-1	0
105.0215491	55.63064906	126.5108105	1.188016783	-1	-1	0
9.814760136	114.9787682	99.72924481	0.3762725059	1	1	0
91.5095336	77.09016913	200.0843893	1.121626611	-1	-1	0
93.18861823	36.19834535	335.5525902	0.3414933877	1	1	0
1.596362134	60.75270065	152.4050927	1.028906175	-1	-1	0
55.64245775	47.83807886	125.3699808	0.7328008012	-1	-1	0
77.90421011	84.23557683	161.1003765	1.455657559	-1	-1	0
34.38958057	89.5710325	202.4929356	1.148536134	1	1	0
79.11110591	8.607326127	104.2251861	0.3592096783	1	1	0
38.89733877	62.30472618	236.457007	0.3607975389	-1	-1	0
60.17910337	55.58725061	27.67783262	1.015244578	1	1	0
25.53929303	68.75642649	255.8177657	0.5262744897	1	1	0
108.1548889	81.50434779	197.5395298	1.109886683	-1	-1	0
115.5273838	36.49399986	189.7821836	0.5267261034	1	1	0
32.77530218	111.5679996	210.3255215	0.2660088815	1	1	0
89.81306076	18.69032173	105.2017776	0.6348451774	-1	-1	0
87.34951113	43.47448605	75.0985759	0.06194289443	-1	-1	0
50.56959276	85.77540222	42.40856195	1.360431732	-1	-1	0
107.1843527	63.71670338	286.2068132	1.39320905	1	1	0
30.17925582	61.83047709	251.3616562	0.2464612514	-1	-1	0
53.13535585	13.63513159	338.2507393	1.480785604	-1	-1	0
119.8059624	52.73831419	47.31036532	1.18805083	1	1	0
24.09942564	109.5324506	225.2142415	0.2648407694	1	1	0
76.61951015	54.78392441	6.757101444	1.478645823	1	1	0
59.29175109	85.0011001	256.3556138	0.6124250824	1	1	0
45.14944733	99.78149198	5.419751897	1.128254365	-1	-1	0
64.09704533	48.04394735	30.00975366	0.919522722	1	1	0
64.40439585	63.30644348	7.149547846	1.201514679	1	1	0
99.09715092	62.38654335	137.337987	1.294318352	-1	-1	0
114.8994456	66.78150722	162.6428239	1.11306661	-1	-1	0
35.10259522	55.0251421	150.2029269	0.8264366468	1	1	0
96.44807267	13.36563063	102.490537	0.8200500413	-1	-1	0
35.2402076	119.3750408	240.8921585	1.47708076	-1	-1	0
99.30009057	118.7806249	220.4399768	1.297414994	1	1	0
45.27785272	10.73656937	222.80345	0.2698896776	1	1	0
111.8166732	19.64020554	129.767826	0.9075225924	-1	-1	0
59.27598945	40.32650522	149.9118741	1.474282192	1	1	0
111.6145391	90.40647191	197.0220194	1.107502716	-1	-1	0
76.45172839	39.5812916	4.68629307	1.225070609	-1	-1	0
93.85060364	4.955086625	86.84012992	0.9133031507	-1	-1	0
15.35456475	107.5180033	311.8024934	0.3594211743	-1	-1	0
103.4272887	88.20428576	97.1669642	1.38918072	1	1	0
117.7295913	44.49651467	3.843978773	0.4336712848	-1	-1	0
109.2840926	41.96301295	347.7835991	0.3403735279	-1	-1	0
93.9440403	69.02059328	269.7970702	1.388399665	1	1	0
37.30016334	7.95755864	225.8862133	1.480221926	-1	-1	0
67.7796393	40.26472199	356.4797993	1.317810634	-1	-1	0
61.32273189	10.6928378	338.1887891	1.480833097	-1	-1	0
42.84004633	92.01763898	186.159186	1.312893038	1	1	0
72.59657836	77.72474586	244.8101849	0.6136406485	1	1	0
29.38325025	5.248316818	331.887299	0.3628413394	1	1	0
107.3114994	0.2701995573	206.5240658	1.392606328	-1	-1	0
43.16378483	69.98743443	250.0764449	0.33336939	-1	-1	0
21.98166489	101.5070523	332.2394522	0.6709802225	-1	-1	0
43.39230106	54.91429322	249.5819385	0.453611647	-1	-1	0
6.454939235	107.4762314	296.4868848	0.2060073254	-1	-1	0
67.68763921	84.90748581	148.37423	0.3333251071	-1	-1	0
2.830073029	68.90992244	271.8610013	1.390482067	1	1	0
5.809080266	46.17588011	63.69820247	0.8157022654	1	1	0
8.165915205	92.75398703	338.2805836	0.6693836711	-1	-1	0
105.6646012	25.04489905	192.8372848	1.001791699	1	1	0
71.99700196	32.7127379	155.0338904	1.317772467	1	1	0
67.74384933	25.58879516	7.289601819	1.381734719	-1	-1	0
86.76504464	83.8404297	95.36059058	1.474814231	1	1	0
74.86481038	21.42302286	237.8083082	0.357433921	1	1	0
26.7414736	117.3000946	322.2230118	0.07964171087	-1	-1	0
101.7121817	103.555279	84.79194506	1.394913122	1	1	0
47.1691674	77.69754509	27.64892713	0.7114150403	1	1	0
97.27790518	22.43373219	207.8077983	1.001677436	1	1	0
51.56344084	70.15117417	14.08982454	0.613855916	1	1	0
102.3649682	71.079792	276.9279009	1.307736155	1	1	0
41.83238498	84.11856952	26.71524292	1.446653896	-1	-1	0
21.01327453	3.772753684	309.4925736	0.08556193539	-1	-1	0
38.80919206	47.49477377	233.2082272	0.453657024	-1	-1	0
59.76427126	70.14717823	29.12737582	0.3321543564	-1	-1	0
