120	120
98.34095331	92.20623955	13.440013	1.358139971	-1	-1	0
18.57485006	71.68595358	150.5660458	1.134226319	-1	-1	0
97.12406482	42.24318751	270.8599954	0.6739246323	1	1	0
14.80469113	42.04522664	156.5552888	1.285171279	-1	-1	0
53.48722867	17.01408095	131.9440814	0.9865797428	1	1	0
113.4419937	112.142419	140.4093695	0.02695744527	-1	-1	0
106.3902868	90.11209761	258.4617235	0.250372955	1	1	0
24.90075321	93.09846086	214.0005335	1.187794981	1	1	0
15.03792885	79.58365004	162.1699421	0.9961003515	-1	-1	0
23.61474032	115.9444847	191.3650405	1.46657271	1	1	0
92.89427294	85.67015241	26.26703018	0.5215244592	1	1	0
34.00608266	55.04011332	134.5842025	1.2186147	-1	-1	0
117.839389	80.88563243	248.7790904	1.370053057	1	1	0
29.92440693	99.95158183	210.1581251	1.09473071	1	1	0
58.47291764	37.90217811	148.0474099	0.8872225691	-1	-1	0
1.096751249	58.7681783	240.7580304	0.4581668488	1	1	0
62.57907968	30.80472524	352.2185371	1.077895361	1	1	0
102.1848307	20.47020855	18.02010848	0.7667060106	1	1	0
9.296016437	57.83819306	7.798524357	0.1783906982	-1	-1	0
79.97547803	14.17107298	113.6866352	1.112923772	1	1	0
63.90821803	59.72418762	107.1069043	1.159800355	1	1	0
26.75070015	70.628672	236.633791	1.413550486	1	1	0
11.96925997	4.157959107	213.9908918	0.2438266334	1	1	0
53.79968299	31.1649792	7.585665735	0.981455483	1	1	0
92.5061103	49.12374976	126.4159872	0.0227656809	-1	-1	0
101.7436156	34.77119802	253.5331169	0.6737006754	1	1	0
83.79490436	21.56829438	274.8001863	0.926510408	-1	-1	0
35.25030769	69.36306755	261.1406442	1.11625046	-1	-1	0
36.45973452	31.73543742	234.6001249	0.05108034642	-1	-1	0
54.41432142	45.21102077	28.10318204	0.04243716856	1	1	0
19.68213588	86.51628399	212.5528942	1.278802057	1	1	0
50.78337549	52.62116438	146.470164	1.160912029	-1	-1	0
3.226153543	29.01617708	140.2648321	0.9503404177	-1	-1	0
119.6122946	95.53505657	35.05598416	1.369069464	-1	-1	0
111.5739559	96.84666983	250.7361751	0.1112014662	1	1	0
76.3621693	51.15011004	44.36361209	1.345607105	-1	-1	0
95.49854936	100.2761474	5.307590988	0.9551947635	1	1	0
115.6058537	6.960963436	202.7985896	0.3039033024	1	1	0
6.169030416	80.27245703	144.7901178	0.9039101631	-1	-1	0
97.15096869	115.4722597	26.51370261	0.8634000562	-1	-1	0
26.5815332	107.7664414	282.9157219	0.8150178998	-1	-1	0
64.80620961	97.81100844	258.1760342	0.4395403261	1	1	0
1.925784771	13.07260023	217.0011815	0.2057737382	1	1	0
10.23418696	12.1999589	294.0214453	1.454156648	-1	-1	0
58.08916453	23.82669974	24.1674246	0.8004200169	-1	-1	0
62.92353717	44.97719521	120.5905856	1.439417796	1	1	0
72.64547805	58.67509374	126.9274326	0.6001405313	1	1	0
43.79735124	68.932827	241.6278449	1.459921477	1	1	0
61.91755819	15.92657031	7.166702662	0.8033427962	-1	-1	0
41.99076555	91.17668205	267.2338787	0.8347376784	-1	-1	0
93.19050103	35.01967876	256.4290055	0.3943734785	-1	-1	0
84.48755153	50.76746472	356.3103415	1.311298642	1	1	0
22.12649338	63.74398717	139.493925	1.227298995	-1	-1	0
18.68266301	34.6059276	131.7708064	0.1655697304	1	1	0
87.15230442	101.888956	246.7934857	1.327652263	-1	-1	0
110.7686013	20.33430613	238.6608272	0.02326584985	-1	-1	0
106.2181751	27.75296683	254.0212463	0.2082316517	-1	-1	0
47.44266397	60.80433452	229.3702762	1.459371117	1	1	0
97.56253254	27.60340514	268.4395089	0.3010176525	-1	-1	0
70.3463004	14.21110407	229.1424051	1.107083235	1	1	0
84.79199733	87.16731708	354.5496669	0.2423111767	-1	-1	0
88.35346332	41.94562918	253.9078079	0.394378308	1	1	0
71.47065285	81.74601469	120.9197759	0.319868986	-1	-1	0
5.689914192	65.81158274	23.63616807	0.2461818981	-1	-1	0
67.98809471	89.60648474	254.8977761	0.5325303975	1	1	0
81.03405983	58.436311	128.1484128	0.135527311	-1	-1	0
51.91889846	67.79241454	147.0467982	1.179972132	-1	-1	0
81.53360694	95.24665517	3.492852758	0.06976772282	-1	-1	0
66.29481747	22.9784986	8.193661191	1.082521158	1	1	0
86.20225704	65.08674911	130.8458414	0.4108095047	1	1	0
105.315149	113.5155394	350.4975509	0.961566765	1	1	0
40.82074134	39.14956298	146.6437586	1.261634155	-1	-1	0
110.4171497	35.03666129	256.9285397	0.1283277963	-1	-1	0
114.4211105	88.44843994	23.32237399	1.369163705	-1	-1	0
100.1026011	107.1820088	9.020324305	0.7704180552	-1	-1	0
71.55091277	44.69936267	108.0191104	1.253050927	1	1	0
1.514989035	110.2793572	237.8276179	0.3065285107	1	1	0
28.84166244	47.96317966	134.3079623	1.282666998	-1	-1	0
116.2566221	103.7778129	24.93604904	1.415215075	-1	-1	0
108.8459835	11.90501283	135.8178779	1.421493023	-1	-1	0
83.88659042	110.0218492	261.7712798	1.420739726	-1	-1	0
92.031835	108.5543216	20.41277184	0.301882651	1	1	0
101.0643038	83.82436436	0.2633983933	1.368137068	-1	-1	0
28.25691692	85.18620185	276.9642006	0.9270629236	-1	-1	0
3.89904745	50.98247233	22.83286531	0.08544729998	-1	-1	0
18.36574166	108.9468687	205.8234746	1.463531015	1	1	0
11.07778443	86.96651357	225.3470025	1.374329646	1	1	0
75.50747574	36.50451019	127.6855382	0.0862827067	1	1	0
76.49688947	88.39937716	249.6587336	0.5320421007	1	1	0
78.96412536	28.26496167	239.1967469	1.206339814	1	1	0
105.2232622	42.38674429	137.0168234	0.6759330085	-1	-1	0
73.48041858	73.61168303	135.4953916	0.03713117196	1	1	0
70.9336023	29.65129969	147.2047922	1.203361115	-1	-1	0
38.95413167	61.82776794	234.133824	1.483620412	1	1	0
77.49646611	65.89700726	147.7080197	0.3176108669	1	1	0
119.4919542	21.03382981	155.0365001	1.229797616	-1	-1	0
67.63546835	52.05752813	28.57245383	0.9736891035	-1	-1	0
32.60848813	40.12798036	143.8568675	0.06051155743	1	1	0
27.29327844	33.81779266	261.8033976	1.271972878	-1	-1	0
92.31524212	21.23978062	237.4884267	0.6747377563	1	1	0
59.10415183	52.56842976	115.6367174	1.346310507	1	1	0
49.68918862	38.43718632	130.5511989	0.7011869394	-1	-1	0
23.18442694	78.55219555	226.7995689	1.320965745	1	1	0
34.9887541	106.8247236	214.6170222	1.148436228	1	1	0
20.27218572	48.94017309	143.971389	1.284261285	-1	-1	0
16.36663112	94.18157151	274.8178638	0.9060376935	-1	-1	0
114.9150675	27.80803232	138.8911547	1.046331732	1	1	0
13.84093634	64.78288449	6.785548728	0.4334289191	1	1	0
13.05337304	101.9528715	215.3928883	1.461339721	1	1	0
4.874078426	102.5585853	40.20992685	1.275194087	-1	-1	0
7.990544277	94.93185676	225.8812644	1.462068187	1	1	0
21.40454975	101.0255457	278.8181495	0.9048782903	-1	-1	0
79.66169628	80.29163924	260.3499587	0.6932582242	1	1	0
118.7152541	35.74387256	153.8643698	0.7815654246	1	1	0
42.45330268	54.09313837	141.6368726	1.186672662	-1	-1	0
55.60137297	59.86586105	160.3310477	1.159073571	-1	-1	0
95.82952732	77.4493391	41.60937714	0.4243046725	1	1	0
49.25515917	24.27060347	7.61360625	0.7075759542	-1	-1	0
113.5976471	42.91928514	135.6387756	0.7690866597	1	1	0
6.853317607	117.1216117	228.1343903	0.3112469472	1	1	0
88.22494092	14.07575818	289.3389463	0.8335706656	-1	-1	0
60.59404567	67.13074542	165.6082584	1.170231078	-1	-1	0
20.34841141	3.505486908	80.56912558	1.277562975	-1	-1	0
73.40365811	96.31652917	245.0983628	0.4388624278	1	1	0
12.04579813	49.806832	5.901729811	0.08533893017	1	1	0
17.36490229	56.69131287	21.01902839	0.1978914709	1	1	0
118.505753	118.6524935	222.0413135	0.3070644533	1	1	0
36.5881625	84.74469847	343.9717237	1.114190276	1	1	0
31.71010836	77.41888161	273.4255895	1.026685369	-1	-1	0
56.92643746	74.47434733	110.5203861	1.459986727	1	1	0
87.88913672	79.04909314	342.6202087	0.3311736048	-1	-1	0
2.646858756	88.04436833	234.0870397	1.463256723	1	1	0
15.23114311	116.4696516	64.02604178	1.279669771	-1	-1	0
45.60559824	45.87758425	9.580078436	0.6079611088	1	1	0
89.68955892	57.55552979	142.8557857	0.2866928948	-1	-1	0
30.27798398	62.67892235	147.352224	0.007827450338	1	1	0
87.9042796	28.62385733	248.7839526	0.8604957486	1	1	0
65.32610388	74.54951487	154.439166	1.245751453	-1	-1	0
78.93437812	103.0773473	257.2826571	0.3528872288	1	1	0
69.25991125	66.36074135	148.967791	1.338852342	-1	-1	0
3.755934515	5.145975743	293.0648054	1.453558994	-1	-1	0
109.2597411	81.47720409	237.332257	1.275358957	1	1	0
44.8754987	31.6759139	25.59476359	0.6079147893	1	1	0
38.56738513	98.78438218	221.2078009	1.113798729	1	1	0
23.70257597	41.34094846	132.2743838	0.1655692739	1	1	0
75.06198935	20.98410364	287.9047925	0.9270290623	-1	-1	0
10.157582	72.8701034	350.6696423	0.8060347831	1	1	0
103.5687085	99.03751264	21.50507072	1.143444082	-1	-1	0
37.29672523	47.09820953	131.5110032	1.282655593	-1	-1	0
80.27947117	43.3856744	31.11762115	1.346013316	-1	-1	0
82.28449392	72.42970729	3.713726751	0.2274775503	-1	-1	0
88.94195259	116.6972311	4.529539519	0.3019140607	1	1	0
48.5405192	75.86359137	129.6745948	1.180386216	-1	-1	0
70.39053904	103.9429998	240.6757673	0.1599533962	-1	-1	0
89.70694907	93.79229978	15.51547883	0.6164303589	1	1	0
110.4250339	0.3865661406	159.7634057	0.1208241329	-1	-1	0
33.36216911	92.3570401	283.98995	0.834799787	-1	-1	0
10.10979486	109.4990802	50.30951399	1.275201811	-1	-1	0
67.26550673	37.5630923	162.6966344	1.017153196	-1	-1	0
25.55277036	55.85538886	129.156976	1.311580937	-1	-1	0
