8.15 -12455.7963 -12455.7873
8.1625 -12455.7965 -12455.7641
8.175 -12455.7957 -12455.7441
8.1875 -12455.7947 -12455.7206
8.2 -12455.7931 -12455.7113
8.2125 -12455.7856 -12455.6830
8.225 -12455.7747 -12455.6644
8.2375 -12455.7739 -12455.6530
8.25 -12455.7538 -12455.6331
8.2625 -12455.7558 -12455.6335
8.275 -12455.7380 -12455.6061
8.2875 -12455.7307 -12455.6014
8.3 -12455.7179 -12455.5779
8.3125 -12455.7017 -12455.5733
8.325 -12455.6986 -12455.5446
8.3375 -12455.6753 -12455.5399
8.35 -12455.6595 -12455.5414
8.3625 -12455.6591 -12455.5067
8.375 -12455.6408 -12455.4998
8.3875 -12455.6256 -12455.4986
8.4 -12455.6136 -12455.4554
8.4125 -12455.6097 -12455.4501
8.425 -12455.6006 -12455.4214
8.4375 -12455.5854 -12455.4070
8.45 -12455.5723 -12455.3979
8.4625 -12455.5589 -12455.3807
8.475 -12455.5488 -12455.3663
8.4875 -12455.5368 -12455.3465
8.5 -12455.5210 -12455.3415
8.5125 -12455.5075 -12455.3390
8.525 -12455.5019 -12455.3210
8.5375 -12455.4928 -12455.3054
8.55 -12455.4817 -12455.2868
8.5625 -12455.4681 -12455.2784
8.575 -12455.4521 -12455.2764
8.5875 -12455.4432 -12455.2583
8.6 -12455.4365 -12455.2563
8.6125 -12455.4278 -12455.2360
8.625 -12455.4166 -12455.2290
8.6375 -12455.4033 -12455.2120
8.65 -12455.4034 -12455.2105
8.6625 -12455.3886 -12455.2106
8.675 -12455.3756 -12455.1913
8.6875 -12455.3726 -12455.1900
8.7 -12455.3671 -12455.1744
8.7125 -12455.3572 -12455.1619
8.725 -12455.3459 -12455.1577
8.7375 -12455.3331 -12455.1441
8.75 -12455.3336 -12455.1433
8.7625 -12455.3218 -12455.1443
8.775 -12455.3151 -12455.1234
8.7875 -12455.3071 -12455.1231
8.8 -12455.2980 -12455.1074
8.8125 -12455.2879 -12455.1028
8.825 -12455.2882 -12455.0960
8.8375 -12455.2778 -12455.0957
8.85 -12455.2707 -12455.0868
8.8625 -12455.2647 -12455.0791
8.875 -12455.2535 -12455.0803
8.8875 -12455.2460 -12455.0796
8.9 -12455.2382 -12455.0613
8.9125 -12455.2330 -12455.0604
8.925 -12455.2269 -12455.0594
8.9375 -12455.2194 -12455.0466
8.95 -12455.2105 -12455.0423
8.9625 -12455.2052 -12455.0340
8.975 -12455.1993 -12455.0300
8.9875 -12455.1926 -12455.0299
9 -12455.1861 -12455.0220
9.0125 -12455.1802 -12455.0222
9.025 -12455.1719 -12455.0129
9.0375 -12455.1645 -12455.0125
9.05 -12455.1563 -12455.0063
9.0625 -12455.1472 -12454.9964
9.075 -12455.1392 -12454.9946
9.0875 -12455.1356 -12454.9860
9.1 -12455.1245 -12454.9810
9.1125 -12455.1194 -12454.9810
9.125 -12455.1196 -12454.9772
9.1375 -12455.1083 -12454.9733
9.15 -12455.1042 -12454.9733
9.1625 -12455.1024 -12454.9670
9.175 -12455.0937 -12454.9590
9.1875 -12455.0905 -12454.9566
9.2 -12455.0860 -12454.9474
9.2125 -12455.0800 -12454.9407
9.225 -12455.0745 -12454.9402
9.2375 -12455.0674 -12454.9395
9.25 -12455.0637 -12454.9354
9.2625 -12455.0572 -12454.9327
9.275 -12455.0504 -12454.9249
9.2875 -12455.0446 -12454.9219
9.3 -12455.0390 -12454.9140
9.3125 -12455.0338 -12454.9128
9.325 -12455.0275 -12454.9051
9.3375 -12455.0202 -12454.9046
9.35 -12455.0171 -12454.9047
9.3625 -12455.0092 -12454.8973
9.375 -12455.0006 -12454.8964
9.3875 -12454.9952 -12454.8882
9.4 -12454.9901 -12454.8851
9.4125 -12454.9832 -12454.8782
9.425 -12454.9766 -12454.8749
9.4375 -12454.9720 -12454.8735
9.45 -12454.9647 -12454.8705
9.4625 -12454.9608 -12454.8685
9.475 -12454.9536 -12454.8613
9.4875 -12454.9473 -12454.8590
9.5 -12454.9412 -12454.8525
9.5125 -12454.9360 -12454.8492
9.525 -12454.9313 -12454.8492
9.5375 -12454.9257 -12454.8472
9.55 -12454.9193 -12454.8400
9.5625 -12454.9147 -12454.8371
9.575 -12454.9105 -12454.8321
9.5875 -12454.9035 -12454.8264
9.6 -12454.8999 -12454.8263
9.6125 -12454.8936 -12454.8221
9.625 -12454.8906 -12454.8183
9.6375 -12454.8856 -12454.8168
9.65 -12454.8799 -12454.8115
9.6625 -12454.8768 -12454.8075
9.675 -12454.8712 -12454.8059
9.6875 -12454.8683 -12454.8030
9.7 -12454.8655 -12454.7971
9.7125 -12454.8601 -12454.7962
9.725 -12454.8550 -12454.7914
9.7375 -12454.8502 -12454.7888
9.75 -12454.8473 -12454.7866
9.7625 -12454.8425 -12454.7831
9.775 -12454.8374 -12454.7795
9.7875 -12454.8333 -12454.7750
9.8 -12454.8303 -12454.7729
9.8125 -12454.8280 -12454.7695
9.825 -12454.8232 -12454.7694
9.8375 -12454.8208 -12454.7635
9.85 -12454.8143 -12454.7600
9.8625 -12454.8122 -12454.7589
9.875 -12454.8078 -12454.7543
9.8875 -12454.8056 -12454.7530
9.9 -12454.7997 -12454.7485
9.9125 -12454.7976 -12454.7465
9.925 -12454.7935 -12454.7434
9.9375 -12454.7902 -12454.7409
9.95 -12454.7858 -12454.7370
9.9625 -12454.7841 -12454.7353
9.975 -12454.7787 -12454.7342
9.9875 -12454.7772 -12454.7293
10 -12454.7728 -12454.7261
10.0125 -12454.7709 -12454.7252
10.025 -12454.7661 -12454.7229
10.0375 -12454.7618 -12454.7196
10.05 -12454.7598 -12454.7166
10.0625 -12454.7566 -12454.7155
10.075 -12454.7541 -12454.7130
10.0875 -12454.7504 -12454.7097
10.1 -12454.7467 -12454.7082
10.1125 -12454.7450 -12454.7052
10.125 -12454.7411 -12454.7021
10.1375 -12454.7394 -12454.7009
10.15 -12454.7357 -12454.6970
10.1625 -12454.7334 -12454.6954
10.175 -12454.7301 -12454.6936
10.1875 -12454.7271 -12454.6904
10.2 -12454.7242 -12454.6873
10.2125 -12454.7220 -12454.6854
10.225 -12454.7185 -12454.6832
10.2375 -12454.7160 -12454.6805
10.25 -12454.7124 -12454.6786
10.2625 -12454.7107 -12454.6760
10.275 -12454.7077 -12454.6742
10.2875 -12454.7049 -12454.6719
10.3 -12454.7026 -12454.6697
10.3125 -12454.6997 -12454.6684
10.325 -12454.6972 -12454.6657
10.3375 -12454.6945 -12454.6633
10.35 -12454.6925 -12454.6617
10.3625 -12454.6896 -12454.6606
10.375 -12454.6877 -12454.6592
10.3875 -12454.6845 -12454.6574
10.4 -12454.6828 -12454.6558
10.4125 -12454.6794 -12454.6548
10.425 -12454.6767 -12454.6546
10.4375 -12454.6733 -12454.6545
10.45 -12454.6697 -12454.6553
10.4625 -12454.6642 -12454.6608
