8.3375 -12455.6471 -12455.6115
8.35 -12455.6492 -12455.5860
8.3625 -12455.6445 -12455.5485
8.375 -12455.6369 -12455.5270
8.3875 -12455.6247 -12455.5080
8.4 -12455.6132 -12455.4920
8.4125 -12455.5980 -12455.4796
8.425 -12455.5876 -12455.4552
8.4375 -12455.5775 -12455.4413
8.45 -12455.5621 -12455.4297
8.4625 -12455.5538 -12455.4140
8.475 -12455.5412 -12455.3981
8.4875 -12455.5276 -12455.3959
8.5 -12455.5177 -12455.3780
8.5125 -12455.5023 -12455.3592
8.525 -12455.4975 -12455.3557
8.5375 -12455.4802 -12455.3381
8.55 -12455.4699 -12455.3350
8.5625 -12455.4651 -12455.3194
8.575 -12455.4513 -12455.3140
8.5875 -12455.4387 -12455.2969
8.6 -12455.4350 -12455.2936
8.6125 -12455.4206 -12455.2851
8.625 -12455.4103 -12455.2727
8.6375 -12455.4031 -12455.2637
8.65 -12455.3907 -12455.2547
8.6625 -12455.3847 -12455.2446
8.675 -12455.3744 -12455.2371
8.6875 -12455.3616 -12455.2312
8.7 -12455.3607 -12455.2250
8.7125 -12455.3470 -12455.2127
8.725 -12455.3407 -12455.2098
8.7375 -12455.3325 -12455.1956
8.75 -12455.3225 -12455.1926
8.7625 -12455.3191 -12455.1822
8.775 -12455.3060 -12455.1744
8.7875 -12455.3026 -12455.1655
8.8 -12455.2924 -12455.1596
8.8125 -12455.2880 -12455.1534
8.825 -12455.2782 -12455.1515
8.8375 -12455.2743 -12455.1383
8.85 -12455.2676 -12455.1359
8.8625 -12455.2611 -12455.1268
8.875 -12455.2542 -12455.1194
8.8875 -12455.2486 -12455.1145
8.9 -12455.2438 -12455.1123
8.9125 -12455.2381 -12455.1004
8.925 -12455.2306 -12455.0973
8.9375 -12455.2250 -12455.0872
8.95 -12455.2163 -12455.0853
8.9625 -12455.2095 -12455.0783
8.975 -12455.2042 -12455.0738
8.9875 -12455.1948 -12455.0651
9 -12455.1893 -12455.0638
9.0125 -12455.1822 -12455.0590
9.025 -12455.1732 -12455.0516
9.0375 -12455.1647 -12455.0422
9.05 -12455.1616 -12455.0403
9.0625 -12455.1532 -12455.0336
9.075 -12455.1428 -12455.0290
9.0875 -12455.1351 -12455.0210
9.1 -12455.1303 -12455.0186
9.1125 -12455.1220 -12455.0100
9.125 -12455.1152 -12455.0098
9.1375 -12455.1081 -12455.0007
9.15 -12455.1008 -12454.9968
9.1625 -12455.0945 -12454.9946
9.175 -12455.0869 -12454.9849
9.1875 -12455.0809 -12454.9825
9.2 -12455.0749 -12454.9772
9.2125 -12455.0666 -12454.9711
9.225 -12455.0617 -12454.9671
9.2375 -12455.0555 -12454.9618
9.25 -12455.0463 -12454.9603
9.2625 -12455.0429 -12454.9567
9.275 -12455.0345 -12454.9489
9.2875 -12455.0300 -12454.9447
9.3 -12455.0250 -12454.9420
9.3125 -12455.0160 -12454.9351
9.325 -12455.0125 -12454.9289
9.3375 -12455.0056 -12454.9277
9.35 -12454.9997 -12454.9221
9.3625 -12454.9961 -12454.9159
9.375 -12454.9885 -12454.9141
9.3875 -12454.9829 -12454.9092
9.4 -12454.9784 -12454.9065
9.4125 -12454.9728 -12454.9015
9.425 -12454.9692 -12454.8958
9.4375 -12454.9642 -12454.8927
9.45 -12454.9576 -12454.8885
9.4625 -12454.9523 -12454.8838
9.475 -12454.9473 -12454.8803
9.4875 -12454.9429 -12454.8763
9.5 -12454.9350 -12454.8722
9.5125 -12454.9350 -12454.8687
9.525 -12454.9295 -12454.8633
9.5375 -12454.9235 -12454.8618
9.55 -12454.9181 -12454.8564
9.5625 -12454.9132 -12454.8525
9.575 -12454.9066 -12454.8494
9.5875 -12454.9012 -12454.8445
9.6 -12454.8964 -12454.8438
9.6125 -12454.8920 -12454.8377
9.625 -12454.8899 -12454.8344
9.6375 -12454.8840 -12454.8301
9.65 -12454.8783 -12454.8268
9.6625 -12454.8732 -12454.8232
9.675 -12454.8679 -12454.8203
9.6875 -12454.8630 -12454.8180
9.7 -12454.8568 -12454.8137
9.7125 -12454.8516 -12454.8101
9.725 -12454.8506 -12454.8064
9.7375 -12454.8453 -12454.8022
9.75 -12454.8406 -12454.8004
9.7625 -12454.8359 -12454.7984
9.775 -12454.8317 -12454.7936
9.7875 -12454.8255 -12454.7896
9.8 -12454.8230 -12454.7864
9.8125 -12454.8200 -12454.7822
9.825 -12454.8154 -12454.7799
9.8375 -12454.8107 -12454.7779
9.85 -12454.8065 -12454.7744
9.8625 -12454.8017 -12454.7708
9.875 -12454.7996 -12454.7670
9.8875 -12454.7960 -12454.7656
9.9 -12454.7921 -12454.7623
9.9125 -12454.7884 -12454.7596
9.925 -12454.7836 -12454.7553
9.9375 -12454.7806 -12454.7523
9.95 -12454.7759 -12454.7506
9.9625 -12454.7733 -12454.7471
9.975 -12454.7688 -12454.7446
9.9875 -12454.7662 -12454.7415
10 -12454.7639 -12454.7388
10.0125 -12454.7594 -12454.7362
10.025 -12454.7573 -12454.7333
10.0375 -12454.7529 -12454.7305
10.05 -12454.7493 -12454.7280
10.0625 -12454.7469 -12454.7259
10.075 -12454.7430 -12454.7229
10.0875 -12454.7406 -12454.7208
10.1 -12454.7374 -12454.7180
10.1125 -12454.7337 -12454.7155
10.125 -12454.7314 -12454.7138
10.1375 -12454.7286 -12454.7105
10.15 -12454.7250 -12454.7088
10.1625 -12454.7215 -12454.7065
10.175 -12454.7184 -12454.7046
10.1875 -12454.7159 -12454.7022
10.2 -12454.7136 -12454.7003
10.2125 -12454.7110 -12454.6966
10.225 -12454.7079 -12454.6951
10.2375 -12454.7049 -12454.6923
10.25 -12454.7019 -12454.6897
10.2625 -12454.6992 -12454.6878
10.275 -12454.6960 -12454.6848
10.2875 -12454.6942 -12454.6829
10.3 -12454.6908 -12454.6813
10.3125 -12454.6891 -12454.6786
10.325 -12454.6854 -12454.6767
10.3375 -12454.6829 -12454.6740
10.35 -12454.6806 -12454.6714
10.3625 -12454.6777 -12454.6692
10.375 -12454.6756 -12454.6673
10.3875 -12454.6728 -12454.6652
10.4 -12454.6705 -12454.6648
10.4125 -12454.6688 -12454.6652
10.425 -12454.6662 -12454.6657
