16000
  7.50000000 0.00000000E+00 0.00000000E+00 0.00000000E+00 0.00000000E+00
  7.60000000 0.00000000E+00 0.00000000E+00 0.00000000E+00 0.00000000E+00
  7.70000000 0.00000000E+00 0.00000000E+00 0.00000000E+00 0.00000000E+00
  7.80000000 0.00000000E+00 0.00000000E+00 0.00000000E+00 0.00000000E+00
  7.90000000 0.00000000E+00 0.00000000E+00 0.00000000E+00 0.00000000E+00
  8.00000000 0.00000000E+00 0.00000000E+00 0.00000000E+00 0.00000000E+00
  8.10000000 0.00000000E+00 0.00000000E+00 0.00000000E+00 0.00000000E+00
  8.20000000 1.25000002E-04 0.00000000E+00 0.00000000E+00 0.00000000E+00
  8.30000000 1.37500002E-03 1.25000002E-04 0.00000000E+00 0.00000000E+00
  8.40000000 2.15000001E-02 7.50000002E-04 0.00000000E+00 0.00000000E+00
  8.50000000 9.57499999E-01 8.12499999E-03 0.00000000E+00 0.00000000E+00
  8.60000000 3.55912501E+00 1.93749998E-01 0.00000000E+00 0.00000000E+00
  8.70000000 2.88124999E-01 4.99999999E-02 0.00000000E+00 0.00000000E+00
  8.80000000 1.07375001E-01 2.62500000E-02 0.00000000E+00 0.00000000E+00
  8.90000000 3.32500001E-02 1.26250000E-02 0.00000000E+00 0.00000000E+00
  9.00000000 1.21250003E-02 6.25000001E-03 0.00000000E+00 0.00000000E+00
  9.10000000 3.87500001E-03 2.25000000E-03 0.00000000E+00 0.00000000E+00
  9.20000000 1.50000000E-03 1.00000001E-03 0.00000000E+00 0.00000000E+00
  9.30000000 1.50000000E-03 6.24999998E-04 0.00000000E+00 0.00000000E+00
  9.40000000 7.49999990E-04 2.50000000E-04 0.00000000E+00 0.00000000E+00
  9.50000000 8.75000008E-04 7.50000008E-04 0.00000000E+00 0.00000000E+00
  9.60000000 3.74999999E-04 6.25000003E-04 0.00000000E+00 0.00000000E+00
  9.70000000 2.49999999E-04 3.75000002E-04 0.00000000E+00 0.00000000E+00
  9.80000000 1.25000004E-04 1.25000002E-04 0.00000000E+00 0.00000000E+00
  9.90000000 3.75000001E-04 5.00000001E-04 0.00000000E+00 0.00000000E+00
 10.00000000 2.50000001E-04 1.25000000E-04 0.00000000E+00 0.00000000E+00
 10.10000000 0.00000000E+00 3.74999999E-04 0.00000000E+00 0.00000000E+00
 10.20000000 7.49999996E-04 3.74999999E-04 0.00000000E+00 0.00000000E+00
 10.30000000 4.99999998E-04 1.00000001E-03 0.00000000E+00 0.00000000E+00
 10.40000000 3.75000001E-04 7.50000002E-04 0.00000000E+00 0.00000000E+00
 10.50000000 7.50000007E-04 6.25000011E-04 0.00000000E+00 0.00000000E+00
 10.60000000 7.50000000E-04 2.49999998E-04 0.00000000E+00 0.00000000E+00
 10.70000000 2.50000002E-04 6.25000002E-04 0.00000000E+00 0.00000000E+00
 10.80000000 5.00000000E-04 6.25000001E-04 0.00000000E+00 0.00000000E+00
 10.90000000 3.75000000E-04 3.75000001E-04 0.00000000E+00 0.00000000E+00
 11.00000000 3.74999998E-04 5.00000007E-04 0.00000000E+00 0.00000000E+00
 11.10000000 5.00000001E-04 6.24999994E-04 0.00000000E+00 0.00000000E+00
 11.20000000 3.75000003E-04 5.00000003E-04 0.00000000E+00 0.00000000E+00
 11.30000000 1.00000001E-03 1.75000000E-03 0.00000000E+00 0.00000000E+00
 11.40000000 6.25000003E-04 1.25000000E-03 0.00000000E+00 0.00000000E+00
 11.50000000 2.49999998E-04 1.62500001E-03 0.00000000E+00 0.00000000E+00
 11.60000000 5.00000002E-04 1.00000000E-03 0.00000000E+00 0.00000000E+00
 11.70000000 6.25000007E-04 1.87500002E-03 0.00000000E+00 0.00000000E+00
 11.80000000 3.75000001E-04 1.87500002E-03 0.00000000E+00 0.00000000E+00
 11.90000000 5.00000001E-04 1.12499999E-03 0.00000000E+00 0.00000000E+00
 12.00000000 5.00000002E-04 1.62499998E-03 0.00000000E+00 0.00000000E+00
 12.10000000 7.50000001E-04 8.75000006E-04 0.00000000E+00 0.00000000E+00
 12.20000000 1.25000001E-04 8.75000010E-04 0.00000000E+00 0.00000000E+00
 12.30000000 5.00000001E-04 2.49999998E-04 0.00000000E+00 0.00000000E+00
 12.40000000 7.49999999E-04 9.99999990E-04 0.00000000E+00 0.00000000E+00
 12.50000000 6.24999997E-04 6.24999999E-04 0.00000000E+00 0.00000000E+00
 12.60000000 5.00000000E-04 2.00000000E-03 0.00000000E+00 0.00000000E+00
 12.70000000 3.75000001E-04 1.74999999E-03 0.00000000E+00 0.00000000E+00
 12.80000000 3.74999999E-04 2.37499999E-03 0.00000000E+00 0.00000000E+00
 12.90000000 1.12499997E-03 7.50000001E-04 0.00000000E+00 0.00000000E+00
 13.00000000 6.25000000E-04 1.37499998E-03 0.00000000E+00 0.00000000E+00
 13.10000000 1.00000004E-03 1.25000004E-03 0.00000000E+00 0.00000000E+00
 13.20000000 8.75000003E-04 6.25000009E-04 0.00000000E+00 0.00000000E+00
 13.30000000 1.00000002E-03 1.12500001E-03 0.00000000E+00 0.00000000E+00
 13.40000000 7.49999999E-04 1.25000000E-03 0.00000000E+00 0.00000000E+00
 13.50000000 1.00000001E-03 2.12500000E-03 0.00000000E+00 0.00000000E+00
 13.60000000 6.24999998E-04 2.00000001E-03 0.00000000E+00 0.00000000E+00
 13.70000000 1.00000000E-03 2.12499999E-03 0.00000000E+00 0.00000000E+00
 13.80000000 4.99999998E-04 1.24999998E-03 0.00000000E+00 0.00000000E+00
 13.90000000 5.00000001E-04 8.74999997E-04 0.00000000E+00 0.00000000E+00
 14.00000000 1.12500000E-03 1.00000001E-03 0.00000000E+00 0.00000000E+00
 14.10000000 8.75000002E-04 1.37500003E-03 0.00000000E+00 0.00000000E+00
 14.20000000 1.12500001E-03 1.12499998E-03 0.00000000E+00 0.00000000E+00
 14.30000000 1.62500003E-03 1.62499999E-03 0.00000000E+00 0.00000000E+00
 14.40000000 3.12500000E-03 1.49999999E-03 0.00000000E+00 0.00000000E+00
 14.50000000 7.74999999E-03 2.75000001E-03 0.00000000E+00 0.00000000E+00
 14.60000000 2.51250001E-02 5.24999999E-03 0.00000000E+00 0.00000000E+00
 14.70000000 1.41874996E-01 1.12500000E-02 0.00000000E+00 0.00000000E+00
 14.80000000 9.52000001E-01 5.06250000E-02 0.00000000E+00 0.00000000E+00
 14.90000000 2.29062500E+00 2.26499999E-01 0.00000000E+00 0.00000000E+00
 15.00000000 4.82750000E-01 9.83749987E-02 0.00000000E+00 0.00000000E+00
 15.10000000 1.92875002E-01 5.33749998E-02 0.00000000E+00 0.00000000E+00
 15.20000000 8.27499999E-02 3.18750000E-02 0.00000000E+00 0.00000000E+00
 15.30000000 3.68750002E-02 2.06250000E-02 0.00000000E+00 0.00000000E+00
 15.40000000 1.83750002E-02 1.16250001E-02 0.00000000E+00 0.00000000E+00
 15.50000000 1.07499998E-02 7.25000002E-03 0.00000000E+00 0.00000000E+00
 15.60000000 6.00000001E-03 5.75000000E-03 0.00000000E+00 0.00000000E+00
 15.70000000 4.87500001E-03 4.25000000E-03 0.00000000E+00 0.00000000E+00
 15.80000000 2.25000003E-03 3.62500000E-03 0.00000000E+00 0.00000000E+00
 15.90000000 3.50000001E-03 3.75000000E-03 0.00000000E+00 0.00000000E+00
 16.00000000 3.62500003E-03 4.12500002E-03 0.00000000E+00 0.00000000E+00
 16.10000000 3.12500001E-03 5.25000002E-03 0.00000000E+00 0.00000000E+00
 16.20000000 3.87499999E-03 3.87500001E-03 0.00000000E+00 0.00000000E+00
 16.30000000 1.75000003E-03 4.75000002E-03 0.00000000E+00 0.00000000E+00
 16.40000000 2.49999998E-03 4.62500001E-03 0.00000000E+00 0.00000000E+00
 16.50000000 3.00000000E-03 5.62499997E-03 0.00000000E+00 0.00000000E+00
 16.60000000 2.87499998E-03 7.37499998E-03 0.00000000E+00 0.00000000E+00
 16.70000000 5.62500000E-03 7.49999998E-03 0.00000000E+00 0.00000000E+00
 16.80000000 8.25000002E-03 9.12499997E-03 0.00000000E+00 0.00000000E+00
 16.90000000 2.17500003E-02 9.74999993E-03 0.00000000E+00 0.00000000E+00
 17.00000000 1.22125000E-01 1.23750002E-02 0.00000000E+00 0.00000000E+00
 17.10000000 6.77625000E-01 4.97499999E-02 0.00000000E+00 0.00000000E+00
 17.20000000 2.38224998E+00 2.57625002E-01 0.00000000E+00 0.00000000E+00
 17.30000000 4.87749996E-01 1.25124999E-01 0.00000000E+00 0.00000000E+00
 17.40000000 1.54500001E-01 5.37500001E-02 0.00000000E+00 0.00000000E+00
 17.50000000 8.68750001E-02 3.15000000E-02 0.00000000E+00 0.00000000E+00
 17.60000000 5.48750002E-02 2.58750002E-02 0.00000000E+00 0.00000000E+00
 17.70000000 2.76250000E-02 1.68750000E-02 0.00000000E+00 0.00000000E+00
 17.80000000 1.68750002E-02 1.16250002E-02 0.00000000E+00 0.00000000E+00
 17.90000000 1.28749999E-02 9.87499985E-03 0.00000000E+00 0.00000000E+00
 18.00000000 7.62500001E-03 6.87500002E-03 0.00000000E+00 0.00000000E+00
 18.10000000 3.50000002E-03 7.37500002E-03 0.00000000E+00 0.00000000E+00
 18.20000000 3.75000002E-03 4.37500000E-03 0.00000000E+00 0.00000000E+00
 18.30000000 2.12499998E-03 5.75000000E-03 0.00000000E+00 0.00000000E+00
 18.40000000 2.12500001E-03 5.62500001E-03 0.00000000E+00 0.00000000E+00
 18.50000000 2.99999998E-03 4.99999999E-03 0.00000000E+00 0.00000000E+00
 18.60000000 7.50000001E-04 4.25000002E-03 0.00000000E+00 0.00000000E+00
 18.70000000 2.62499998E-03 4.12500001E-03 0.00000000E+00 0.00000000E+00
 18.80000000 1.75000002E-03 4.00000002E-03 0.00000000E+00 0.00000000E+00
 18.90000000 2.12499999E-03 4.62499997E-03 0.00000000E+00 0.00000000E+00
 19.00000000 1.49999999E-03 3.75000000E-03 0.00000000E+00 0.00000000E+00
 19.10000000 2.00000000E-03 2.37499999E-03 0.00000000E+00 0.00000000E+00
 19.20000000 1.87500000E-03 3.49999996E-03 0.00000000E+00 0.00000000E+00
 19.30000000 2.75000000E-03 4.87500003E-03 0.00000000E+00 0.00000000E+00
 19.40000000 1.75000002E-03 3.87499998E-03 0.00000000E+00 0.00000000E+00
 19.50000000 2.12500000E-03 4.75000000E-03 0.00000000E+00 0.00000000E+00
 19.60000000 1.00000001E-03 4.62499999E-03 0.00000000E+00 0.00000000E+00
 19.70000000 1.37500001E-03 4.00000001E-03 0.00000000E+00 0.00000000E+00
 19.80000000 2.49999998E-03 4.49999999E-03 0.00000000E+00 0.00000000E+00
 19.90000000 5.75000000E-03 1.20000002E-02 0.00000000E+00 0.00000000E+00
 20.00000000 4.99999999E-04 6.24999999E-04 0.00000000E+00 0.00000000E+00
 20.10000000 1.00000003E-03 3.62500000E-03 0.00000000E+00 0.00000000E+00
 20.20000000 1.62500002E-03 5.75000001E-03 0.00000000E+00 0.00000000E+00
 20.30000000 2.62500002E-03 7.00000001E-03 0.00000000E+00 0.00000000E+00
 20.40000000 1.87500001E-03 5.87500000E-03 0.00000000E+00 0.00000000E+00
 20.50000000 1.87500001E-03 6.12500000E-03 0.00000000E+00 0.00000000E+00
 20.60000000 1.87500004E-03 7.49999996E-03 0.00000000E+00 0.00000000E+00
 20.70000000 3.00000001E-03 7.12500002E-03 0.00000000E+00 0.00000000E+00
 20.80000000 4.24999999E-03 5.00000003E-03 0.00000000E+00 0.00000000E+00
 20.90000000 2.00000001E-03 7.12499998E-03 0.00000000E+00 0.00000000E+00
 21.00000000 2.62500002E-03 6.75000002E-03 0.00000000E+00 0.00000000E+00
 21.10000000 3.12499997E-03 5.62499997E-03 0.00000000E+00 0.00000000E+00
 21.20000000 4.24999998E-03 7.49999999E-03 0.00000000E+00 0.00000000E+00
 21.30000000 3.25000001E-03 5.12499999E-03 0.00000000E+00 0.00000000E+00
 21.40000000 2.24999999E-03 5.12500000E-03 0.00000000E+00 0.00000000E+00
 21.50000000 2.87500000E-03 6.24999998E-03 0.00000000E+00 0.00000000E+00
 21.60000000 2.75000000E-03 5.25000002E-03 0.00000000E+00 0.00000000E+00
 21.70000000 4.25000000E-03 5.12500001E-03 0.00000000E+00 0.00000000E+00
 21.80000000 4.75000001E-03 5.50000000E-03 0.00000000E+00 0.00000000E+00
 21.90000000 3.37500001E-03 7.49999993E-03 0.00000000E+00 0.00000000E+00
 22.00000000 5.25000000E-03 8.62499998E-03 0.00000000E+00 0.00000000E+00
 22.10000000 6.37500000E-03 6.87500002E-03 0.00000000E+00 0.00000000E+00
 22.20000000 1.06250000E-02 7.50000001E-03 0.00000000E+00 0.00000000E+00
 22.30000000 1.90000000E-02 1.19999999E-02 0.00000000E+00 0.00000000E+00
 22.40000000 4.53750000E-02 1.52500002E-02 0.00000000E+00 0.00000000E+00
 22.50000000 1.65750001E-01 2.88750001E-02 0.00000000E+00 0.00000000E+00
 22.60000000 5.19749998E-01 6.83749999E-02 0.00000000E+00 0.00000000E+00
 22.70000000 2.85312500E+00 2.82874999E-01 0.00000000E+00 0.00000000E+00
 22.80000000 1.86024996E+00 4.98499998E-01 0.00000000E+00 0.00000000E+00
 22.90000000 6.84500000E-01 2.24250000E-01 0.00000000E+00 0.00000000E+00
 23.00000000 3.24250003E-01 1.26374998E-01 0.00000000E+00 0.00000000E+00
 23.10000000 1.80874999E-01 8.92499999E-02 0.00000000E+00 0.00000000E+00
 23.20000000 1.13500001E-01 6.82499999E-02 0.00000000E+00 0.00000000E+00
 23.30000000 7.61250002E-02 5.60000001E-02 0.00000000E+00 0.00000000E+00
 23.40000000 4.60000000E-02 4.15000002E-02 0.00000000E+00 0.00000000E+00
 23.50000000 3.01250000E-02 3.75000001E-02 0.00000000E+00 0.00000000E+00
 23.60000000 2.26249999E-02 3.23749999E-02 0.00000000E+00 0.00000000E+00
 23.70000000 1.58750000E-02 2.56249998E-02 0.00000000E+00 0.00000000E+00
 23.80000000 1.05000000E-02 2.14999998E-02 0.00000000E+00 0.00000000E+00
 23.90000000 8.87499999E-03 1.54999999E-02 0.00000000E+00 0.00000000E+00
 24.00000000 7.12499998E-03 1.70000003E-02 0.00000000E+00 0.00000000E+00
 24.10000000 6.37500001E-03 1.72499997E-02 0.00000000E+00 0.00000000E+00
 24.20000000 7.62500002E-03 1.32500000E-02 0.00000000E+00 0.00000000E+00
 24.30000000 4.99999999E-03 1.30000003E-02 0.00000000E+00 0.00000000E+00
 24.40000000 6.87500003E-03 1.25000003E-02 0.00000000E+00 0.00000000E+00
 24.50000000 6.12499999E-03 1.18749999E-02 0.00000000E+00 0.00000000E+00
 24.60000000 4.25000000E-03 1.27499999E-02 0.00000000E+00 0.00000000E+00
 24.70000000 5.24999999E-03 1.12499999E-02 0.00000000E+00 0.00000000E+00
 24.80000000 3.87499998E-03 1.37499999E-02 0.00000000E+00 0.00000000E+00
 24.90000000 0.00000000E+00 0.00000000E+00 0.00000000E+00 0.00000000E+00
