120	120
39.49870838	8.420338593	103.4275607	1.041300363	1	1	0
1.70494871	20.09307105	270.160766	1.008756902	1	-1	0
106.4729702	106.4053689	170.7534171	1.290149465	-1	-1	0
32.51288553	45.33122937	184.6255154	0.9421552686	-1	1	0
70.53003371	41.47977906	304.109184	0.7554674722	-1	1	0
36.85483923	37.71928275	93.72118162	1.220690671	-1	-1	0
45.45080901	38.00703992	176.2339599	0.8464657433	-1	1	0
60.36595139	54.77478014	318.6187088	0.6532464821	-1	1	0
55.54797876	24.50790284	172.3768627	0.3814294966	-1	1	0
115.4601938	95.49805736	150.7806525	0.1054860801	-1	-1	0
112.5603192	112.1191563	76.66893518	0.171229416	1	1	0
32.45792064	81.57208289	79.69830233	0.1517995174	1	1	0
53.04690951	3.083105304	174.2462064	0.1147041911	1	-1	0
89.68929194	28.14866461	154.9344859	1.056519178	1	-1	0
13.31277937	1.283706327	50.20561635	0.09997637284	-1	-1	0
23.78428601	80.3783262	61.74386916	0.1641129875	1	1	0
50.97646711	68.74702001	251.99452	1.371759255	1	-1	0
46.62940319	23.81059362	77.43951911	0.3890416147	-1	-1	0
67.58061631	33.71824697	45.19325363	0.1366765573	1	-1	0
111.0521849	73.43446954	354.727663	0.2019676487	1	1	0
49.13601613	45.99880471	192.4059619	0.5670896672	-1	1	0
0.4741594613	108.9055598	33.53725908	0.07542986244	-1	-1	0
8.487694048	25.83959897	283.9815608	0.9833733755	1	-1	0
77.22890961	19.87995128	215.5048845	0.8831866887	-1	-1	0
71.19521837	78.15739709	191.268097	0.9281212846	-1	1	0
73.820105	99.63195902	154.6927291	0.5512097231	1	-1	0
53.7763975	39.11892122	155.004981	0.3796849081	1	-1	0
42.82692911	68.17780054	70.96025032	1.37185661	-1	1	0
98.99982729	66.05747011	231.4464482	0.2030049969	1	1	0
68.09391423	70.27954095	190.4922242	1.023095338	-1	1	0
24.77194512	30.19549415	325.7679271	0.290829693	-1	-1	0
97.69519277	80.28015249	75.58489802	0.3877560914	1	-1	0
83.91963058	86.35990626	54.56338629	0.492510132	1	-1	0
16.40193985	23.32720247	355.1044239	1.286273475	-1	1	0
75.09645934	85.59657204	34.37917169	0.5536795543	1	-1	0
60.38009681	17.94271203	36.2414548	0.04574934517	1	-1	0
76.01312033	34.85440813	214.2945137	1.06780743	-1	-1	0
55.91031368	61.65840686	238.9043287	1.186749519	1	-1	0
39.38450014	97.24082655	116.8565604	1.177524091	-1	-1	0
11.7812386	38.84323123	71.67212503	0.6626163052	1	1	0
15.13520561	79.0564391	43.72800144	0.1644972558	1	1	0
51.71775509	17.11904306	153.2604171	1.418611127	1	-1	0
92.89368679	35.65385628	291.8688474	0.8555848967	-1	1	0
84.4532824	35.3463005	169.960242	0.6951218341	1	-1	0
110.3084679	0.2616425565	18.38776553	1.287935292	-1	1	0
85.1909498	72.38956004	290.4140346	0.848729193	1	-1	0
113.2802843	22.6363099	206.6928404	0.7229679772	1	1	0
39.42490358	60.28190853	304.2646722	0.4443336348	1	1	0
88.83506035	79.73370774	150.6072229	0.7423237232	-1	1	0
3.020135605	11.93571356	27.13794898	1.379368871	-1	1	0
19.84464212	7.199644548	10.20275515	1.123142195	-1	1	0
85.88929833	5.776877502	208.3054102	1.011326786	-1	-1	0
94.10548581	5.549889785	192.5402891	1.19208768	1	1	0
27.88941733	5.366031739	64.26186219	0.7468502551	1	-1	0
22.93351974	58.75081132	359.596664	0.0615956821	-1	-1	0
36.14802857	89.22928893	180.5913748	0.8978408864	-1	1	0
29.36475073	22.4545776	293.3069498	1.320280339	-1	1	0
85.85168919	20.56582479	203.1741132	0.9181372907	-1	-1	0
56.94400957	10.48700182	51.23736995	0.324839213	-1	1	0
18.63165921	86.8022016	138.7314206	1.282328901	-1	-1	0
119.2247108	88.03517771	201.7464741	1.04066521	1	-1	0
53.02502879	91.16636317	293.9583221	0.4326293862	-1	1	0
20.62520852	72.75694734	19.51065572	1.461310198	-1	-1	0
93.97830514	72.8035004	70.5817003	0.9427087533	-1	-1	0
87.84682684	42.92410074	274.8023915	0.4825425197	-1	1	0
4.91631811	3.559044481	13.95545363	1.469082678	-1	1	0
26.1289355	14.06737769	52.46408374	0.6581171291	1	-1	0
43.83181092	53.02058256	174.0675048	0.350508621	-1	1	0
79.35373018	42.65364562	72.2967733	0.7557320434	1	1	0
2.437760217	100.7397242	75.52390705	0.360693595	1	1	0
73.77651532	11.78553365	202.6362252	0.9743041168	-1	-1	0
49.94812235	83.61951762	157.7226552	0.1578250277	1	-1	0
59.26449546	69.19253339	211.0005767	1.488729535	-1	1	0
41.51958648	30.40661191	80.79955204	0.5753479216	1	1	0
102.6402031	73.62143479	134.3003964	0.7642088676	-1	1	0
116.9851796	5.690782352	271.9809286	1.286058466	1	-1	0
110.3455003	88.83203187	103.5016821	1.22892039	1	1	0
101.5683663	88.08342123	84.01083032	0.2950224199	1	-1	0
78.60693635	92.99416192	50.80173821	0.7387543339	-1	1	0
32.92191401	30.18040431	78.89413925	0.5700397598	1	1	0
52.08414827	53.84489323	254.4010076	1.466087247	1	-1	0
37.85143601	75.19267678	82.35555844	0.06837303709	-1	-1	0
58.25937712	84.15995023	309.6556256	0.435391736	-1	1	0
28.42436946	37.75997491	143.72126	0.8494003457	1	-1	0
118.7351965	117.4367882	49.75985172	0.1685678959	-1	-1	0
20.13928662	38.57866216	303.2121657	1.128250638	-1	1	0
114.9513474	14.60911542	41.74251934	0.3540896193	-1	-1	0
68.96202841	56.11518087	303.5921238	0.745886572	-1	1	0
24.36377992	45.52451861	128.6495513	0.8491265648	1	-1	0
61.3363787	92.03404779	32.96024086	0.4602423399	1	-1	0
41.1504292	82.73234649	195.357409	1.455564805	1	1	0
12.02332994	71.45122826	37.15239978	1.461245549	-1	-1	0
79.96068464	78.99417719	171.3695925	0.8353633158	-1	1	0
72.85724356	26.92721171	71.83245339	1.255358705	1	1	0
102.4901715	3.047576932	154.622635	0.07444462116	1	-1	0
62.59471833	77.01060675	29.2203003	0.3414904652	1	-1	0
62.04191606	40.01047563	317.1480359	0.7535521721	-1	1	0
87.38605109	93.79519872	32.01207475	0.7720050571	-1	1	0
29.0393251	52.97945198	63.61322916	0.4765894745	1	1	0
99.63701222	51.14827207	314.1967812	0.01511531134	-1	-1	0
8.675518479	107.08771	90.55229606	0.5600311345	1	1	0
57.47287065	47.00647271	139.1368783	0.1911736129	1	-1	0
31.03636377	95.6433042	31.57693098	0.7174784539	1	-1	0
54.42368844	76.30067374	295.9237906	0.25824542	-1	1	0
74.24110352	49.12785483	232.2542294	0.942560875	-1	-1	0
114.7647874	80.95494801	33.63028178	0.1089004238	-1	-1	0
86.44056287	57.95329519	286.2018463	0.8516039122	-1	1	0
66.37829585	84.87224681	15.73014766	0.4602445367	1	-1	0
106.5644826	81.02222608	10.4820939	0.01569833498	1	1	0
81.16252925	27.77491118	277.625566	0.5908389374	-1	1	0
92.7211866	87.30702332	76.42628569	0.3879906774	1	-1	0
96.24950955	43.46337334	76.21252494	0.6687955117	1	1	0
114.2138312	103.5781251	91.40611126	0.2675617801	1	1	0
16.53210826	31.43584233	138.0771853	1.10257167	1	-1	0
81.65664888	64.48935392	280.9240889	0.7552073021	1	-1	0
107.2003489	66.08170245	73.18534164	1.320381103	-1	-1	0
10.87918633	9.260686688	313.2304598	0.842557753	1	1	0
103.5147574	58.53336786	214.9584699	0.2026807182	1	1	0
43.06334881	16.24682944	171.2659293	1.320471941	1	-1	0
76.59853238	71.46359876	277.9291311	0.755816247	1	-1	0
65.96612339	48.4728441	152.6061755	0.2851993548	1	-1	0
82.00900331	12.983912	74.2985899	1.254746168	1	1	0
37.683683	22.80221361	89.75506347	0.7614626361	1	1	0
64.53750589	62.78075657	256.5696158	0.8371060945	1	-1	0
98.13150115	108.7974714	158.3821713	1.194200259	-1	-1	0
25.92271666	66.37640362	182.6998742	0.3408254783	1	1	0
3.355569863	80.44920084	112.662557	0.5750381359	1	1	0
90.45965332	13.17973543	191.3330531	1.011254709	-1	-1	0
100.4114048	11.03049421	10.14732754	0.1686549692	-1	1	0
48.10292849	9.623964906	33.26897639	0.3011333076	-1	1	0
69.83228741	92.27026102	69.4136851	0.7384024728	-1	1	0
47.6366127	60.89899209	110.2478937	0.4410887126	-1	-1	0
29.22482313	74.06407432	359.703579	1.46630026	-1	-1	0
34.3842493	67.1844453	92.19417228	0.06893300217	-1	-1	0
44.53069346	90.85736361	186.8822848	1.363257822	1	1	0
119.2013594	73.35047233	50.4092949	0.2033978392	-1	-1	0
95.11555422	58.61279653	196.4505993	1.411993544	-1	-1	0
109.0250012	8.788397214	193.5044379	1.007017073	1	1	0
73.15365451	63.45118314	193.2734338	0.3836464277	1	1	0
68.6425558	18.68495449	212.8963736	0.8831928425	-1	-1	0
46.23230313	75.92022467	165.531299	0.06780083839	1	-1	0
7.04156973	115.6328654	75.87836023	0.653377893	1	1	0
34.45189667	15.0100391	198.4613849	1.227841578	-1	-1	0
9.641261987	17.67031287	12.02377859	1.262711193	-1	1	0
17.26423212	65.01361747	165.1626059	0.3382804045	1	1	0
65.43515004	10.81326013	71.87502263	1.255692157	1	1	0
21.08131478	118.7903022	318.2044116	0.2850899803	1	1	0
82.97627999	50.19128276	290.8308713	0.7562867552	-1	1	0
17.56964501	15.13003871	51.25044502	0.7512491134	1	-1	0
27.40445818	88.06902829	119.3948378	1.278666151	-1	-1	0
107.4953779	97.96706547	73.90481534	0.3848133893	1	1	0
50.29652025	31.14459238	95.43648396	0.1956371768	1	1	0
40.86754317	45.27700483	277.2540111	0.1956874995	1	-1	0
106.6034267	16.83149036	193.1184471	0.913893982	1	1	0
104.1830073	114.5145024	90.37313216	0.07404002037	1	1	0
90.32119559	65.34741882	293.6456027	0.6655508473	1	-1	0
96.36760257	117.4191282	247.6049254	0.6326852709	-1	1	0
15.00799116	112.7108184	34.8578062	0.09888057539	-1	-1	0
64.2575594	25.73188837	72.89265732	1.255741507	1	1	0
91.36334657	50.89685545	93.73973249	0.2983338306	1	1	0
