120	120
58.65222372	114.2713905	214.3914224	1.417004321	-1	-1	0
111.9164167	32.98192337	219.0606418	0.006127175931	-1	-1	0
8.111926911	39.86102644	316.2425544	0.7256180344	1	-1	0
22.10569142	6.998560824	179.0939897	0.03552280862	1	1	0
53.6160641	27.80747428	117.8915191	0.07941817059	1	1	0
97.35574893	33.98013337	311.4973506	0.5734779359	-1	1	0
51.62894672	118.6880261	100.9265262	0.67770223	1	-1	0
85.4779423	110.1682326	38.66305403	0.8925259001	1	1	0
88.97719186	12.67255089	196.282359	0.4795820796	1	-1	0
36.31720281	101.7137882	273.5195027	0.8700138295	-1	1	0
82.65809437	34.71500668	100.3967927	0.7565923309	1	1	0
16.72055004	52.18408476	38.44998975	1.098932748	-1	1	0
105.4283911	45.72399088	74.12375936	0.8504424265	-1	1	0
87.58843833	102.0373114	71.55351965	0.6142109383	-1	-1	0
29.24266006	2.885214027	64.04080778	1.246470365	-1	-1	0
46.92430167	33.06764595	46.00109074	1.197418148	-1	1	0
96.22849989	24.98111391	72.9394427	0.3855046934	1	-1	0
85.21492653	70.52976921	201.0780921	1.392491511	-1	1	0
39.1858036	37.04381374	353.4095067	1.127446628	1	-1	0
84.32236775	52.31002226	79.60888993	0.0917161723	1	-1	0
21.46843533	94.54336874	131.1782983	0.4044113964	-1	1	0
29.00992193	114.5878936	133.9535304	0.4072281796	1	-1	0
1.554043769	45.11450686	177.2609504	1.00769195	-1	1	0
12.86177675	82.98752457	99.01982806	1.343869893	1	-1	0
50.75369597	110.1349554	279.6957349	1.049832724	-1	1	0
103.9473281	28.93857218	68.65322881	0.3803754346	1	-1	0
39.78483904	54.42455817	233.2397826	0.1975879102	1	-1	0
96.36847583	16.4485779	314.179594	0.5726813117	-1	1	0
84.40740152	79.52058615	185.7126318	1.454614102	-1	1	0
50.93827721	101.3378777	212.8936377	1.334265573	-1	-1	0
85.26127458	61.42993574	311.8304488	0.2776622963	-1	1	0
18.74822325	69.1563197	331.0351999	1.47535322	-1	-1	0
92.56722318	65.12491693	55.84103449	0.2740273196	1	-1	0
19.98662065	77.92394264	55.14387211	0.03475947465	-1	-1	0
68.6320437	35.20769673	217.442277	1.4705488	1	1	0
24.70912336	55.62788335	224.3087391	0.8184954627	1	-1	0
90.92761571	84.97409545	351.822195	1.17391024	1	-1	0
105.8368513	88.06529257	27.53590027	1.270063664	1	-1	0
46.91798254	49.98838363	276.1222386	1.220671901	-1	1	0
35.73606926	84.30554545	94.52871546	0.499030335	1	-1	0
15.71037066	43.44217049	49.9490538	1.098139565	-1	1	0
42.95108352	88.40655512	279.613316	0.8704551443	-1	1	0
1.801417159	53.34682118	315.1462944	0.7282954798	1	-1	0
81.24512138	96.60737658	271.5108865	0.7077679697	1	1	0
114.0363972	49.64915259	116.9023293	1.193927265	-1	-1	0
56.08182185	70.53826528	354.4209502	1.414028733	-1	-1	0
21.69438786	118.5084961	47.7144384	1.249375513	-1	-1	0
48.28789003	66.68111033	337.2008856	1.400736214	-1	-1	0
74.00875066	4.328884381	199.5841157	0.5899964702	1	-1	0
97.71279008	42.44195959	70.58408998	0.3837734534	1	-1	0
65.24562856	93.40138768	95.28726014	0.08170701564	-1	-1	0
72.76882413	99.67626939	31.61462779	1.449775497	1	1	0
47.61238063	58.45928067	138.2922845	0.1044432534	1	1	0
54.81637407	54.03443685	288.7811741	1.127868359	-1	1	0
9.159308136	48.57000749	331.5423346	0.7282312878	1	-1	0
97.68394689	90.94736338	13.33617394	1.267199685	1	-1	0
77.86756097	74.46397907	203.4104898	1.112676485	1	-1	0
102.1145412	104.4337	65.55789231	0.7999272673	1	1	0
117.5179364	75.4144025	178.6874208	1.280918875	-1	-1	0
20.77190824	86.32241106	93.65817319	1.241377544	1	-1	0
112.9312373	41.32038727	353.0616296	0.09933924846	1	1	0
32.71618677	58.87975514	306.16117	1.394212293	-1	-1	0
93.77132619	107.3821145	54.83790398	0.8012440252	1	1	0
118.5286556	20.39593091	100.6958286	1.03265773	-1	-1	0
106.7493767	54.21637875	75.29597914	1.315851187	1	1	0
36.84934066	7.107528883	81.15492823	1.246128066	-1	-1	0
58.2366853	88.41783715	240.7640286	0.1789254122	1	1	0
26.3931727	72.26882509	92.112293	0.8253768797	1	-1	0
36.44458115	110.4675125	185.7789017	0.9629646435	-1	-1	0
63.32571349	66.33764297	186.6384808	0.5729213515	1	-1	0
5.6218368	78.97130473	271.0174628	0.9717940056	-1	1	0
10.84673256	65.63084063	55.75755343	0.07841830145	-1	-1	0
12.39768344	74.09992816	258.6753741	0.04054228684	1	1	0
77.76342877	57.32152369	304.8712409	0.4674071005	-1	1	0
67.75117881	26.3639418	235.2955976	1.09819204	1	1	0
43.82222286	114.689079	34.77974569	0.2201186113	1	1	0
66.35712213	17.41499553	113.2088634	0.1247970067	1	1	0
88.93670087	20.9717722	299.8165612	0.6664213294	-1	1	0
73.65934123	13.06440491	190.3662092	0.497342164	1	-1	0
32.10692677	50.5018425	311.5754903	1.487378949	-1	-1	0
36.58692987	118.9617826	39.88097285	0.1285557576	1	1	0
74.67398481	21.60388318	204.5091179	0.1216161941	-1	-1	0
29.78983085	11.2873569	161.3132301	0.03490906291	1	1	0
78.18241424	65.76705669	184.3905482	1.033800339	1	-1	0
75.31776566	30.42902834	218.6598221	0.2601680942	-1	-1	0
119.285672	28.54990889	115.3163059	1.030041195	1	1	0
23.87571892	47.24911934	44.49802518	1.187412034	-1	1	0
59.6222529	2.822330347	84.46588383	0.6753752943	1	-1	0
43.96630665	11.22505689	358.0439952	0.5943630926	1	-1	0
54.06257664	45.76815848	338.4338747	1.035029757	1	-1	0
49.45057581	75.20246193	240.9585751	0.03277218975	1	1	0
58.22934435	97.27351482	252.0854445	0.1790602821	1	1	0
89.50785693	29.85165798	314.3167359	0.6649756895	-1	1	0
70.86982225	69.63988022	173.6264661	0.0078219774	-1	1	0
69.90813316	52.96897435	284.59541	0.8398930019	-1	1	0
39.06335276	45.65107462	350.2973775	1.219116453	1	-1	0
91.86789558	56.32668352	92.30988946	1.302022108	1	1	0
57.99402994	106.0770881	262.734203	0.1797340441	1	1	0
67.19334139	119.675275	184.4291465	0.8695510678	-1	1	0
81.48605448	17.09632459	133.4784882	0.2195279277	1	1	0
83.20440682	88.43911193	272.7773557	0.05748097906	-1	1	0
89.56293727	93.76944171	285.92368	0.8940576336	1	1	0
82.04682779	25.83143811	118.650537	0.3118405391	1	1	0
28.73853175	98.11641844	235.1729935	0.591675322	1	-1	0
27.72269239	80.91728558	30.23995868	0.4068398088	1	1	0
40.48339071	62.81419701	319.9932524	1.301691838	-1	-1	0
25.75011229	64.04561111	37.29480411	1.105463302	-1	1	0
65.01986256	102.0462989	82.14152334	0.05554379224	-1	-1	0
98.84237383	51.09619712	56.63792745	0.1980197775	1	-1	0
90.08756151	38.73284313	220.7802756	0.8496859781	-1	-1	0
88.25188425	3.555066372	171.9935418	0.9684950545	1	-1	0
36.83335214	15.84780768	65.94336479	1.246068576	-1	-1	0
54.55789291	36.60631092	236.4564607	1.214600492	1	1	0
99.42421477	59.44637757	357.4308814	1.129315563	-1	-1	0
104.9026048	37.53917424	55.25815266	0.4718036612	1	-1	0
79.26825032	104.833725	88.50688618	0.7983852879	-1	-1	0
31.03928436	42.28893073	262.6066646	0.8503326389	1	1	0
21.33303441	110.242237	71.481788	0.03585235469	1	1	0
70.45522896	78.17281385	83.92223514	0.3802010104	-1	-1	0
95.86954059	99.27522699	58.54802477	0.6142548379	-1	-1	0
91.21792797	47.591107	311.5953289	0.7559897263	-1	1	0
76.92342209	83.21294216	222.9213629	1.113137226	1	-1	0
119.9821993	36.76059773	102.1439844	1.309030116	-1	-1	0
34.18691905	75.75090832	196.1842255	1.431179258	-1	-1	0
62.64120252	58.10589989	223.3723559	1.402660906	-1	-1	0
9.55156873	56.93436279	50.29390458	1.10266058	-1	1	0
92.0001334	115.5938632	190.2958837	0.242971476	-1	-1	0
17.87363712	60.84861622	217.9685558	0.8179759237	1	-1	0
110.6687971	16.31562016	117.0718803	1.125335959	-1	-1	0
4.391822566	70.7181614	272.708295	0.1634444134	1	1	0
50.06124505	84.18173475	333.28175	0.4985609587	1	-1	0
91.87053541	75.81742457	332.6130614	1.080775824	1	-1	0
55.4519092	62.41048367	122.5691871	0.2003757128	1	1	0
28.85799045	106.2894011	256.9416235	0.776709538	-1	1	0
70.39833039	61.25457018	202.7925167	0.759165618	1	-1	0
33.46579197	67.20079633	23.19547202	0.6398975927	1	1	0
41.55548834	71.35996112	358.2032877	1.42976715	1	1	0
83.55276005	43.51908299	112.7753963	0.7565338777	1	1	0
28.8212612	89.34413001	152.5740654	0.7787728431	-1	1	0
60.05812183	22.75852491	212.9065954	0.1687031877	-1	-1	0
43.61061521	97.0312662	210.2810355	1.242738572	-1	-1	0
61.13844133	31.54474588	95.44544523	1.288505573	-1	-1	0
103.1612165	11.72389989	74.18426297	0.2923799752	1	-1	0
36.10533743	93.48732014	218.7192336	0.6847715064	1	-1	0
44.7134736	3.028689163	148.8895442	0.778927309	-1	1	0
104.1669033	96.28854588	123.4845143	0.2418036652	-1	1	0
42.44857527	79.56609379	215.7877783	1.24350545	-1	-1	0
51.00103013	92.6350809	217.7002283	1.243087204	-1	-1	0
68.23396569	85.96216595	173.9056038	0.2361001044	1	1	0
46.48224939	41.50082585	350.2951705	1.127322412	1	-1	0
81.01661269	119.706916	196.0069904	0.6893717521	-1	1	0
43.69161652	105.7361754	98.60490618	0.9622622725	1	-1	0
74.76709533	91.42153217	214.6720712	0.8000486634	-1	-1	0
81.43207453	8.797449177	93.02785996	0.4057519259	-1	-1	0
103.5271133	20.44619192	61.94419837	0.2923664077	1	-1	0
111.3688905	24.59505626	98.51811227	1.404867568	1	1	0
95.8022616	7.67295641	298.6870056	0.3881107784	-1	1	0
61.90282948	49.84496567	325.437426	0.9410091079	1	-1	0
66.70029247	8.461053215	118.4835399	1.24208017	-1	-1	0
63.07274283	74.8338814	197.4195764	0.6652802479	1	-1	0
