120	120
47.3948467	2.908089887	177.8727796	0.3073488265	-1	1	0
103.6085426	103.2182088	118.1013019	1.275860574	-1	-1	0
55.37964946	2.406160955	129.2451757	0.2644347885	1	-1	0
33.06967871	118.4013584	98.26700193	0.8626825129	-1	-1	0
1.33820408	17.16070242	261.9029991	1.347320671	1	-1	0
115.7099237	42.24170343	349.8865965	1.241189116	-1	1	0
44.85997651	57.17321588	185.1098265	1.159244936	1	-1	0
82.10207242	15.00091338	45.33509378	1.450073479	1	1	0
96.83802144	118.6627536	163.5245937	1.356610916	1	1	0
81.20313651	23.09830079	294.325876	0.1466549635	-1	-1	0
55.78105422	63.2849396	279.0236031	0.5158290939	1	1	0
23.44947303	18.08509785	26.0112659	1.198069322	-1	1	0
14.17370266	59.19834916	3.924001514	0.4989100816	1	1	0
31.0618287	103.4079333	61.48657847	0.2162258279	-1	1	0
31.65761101	15.24500723	151.996177	0.8256666213	1	-1	0
66.86537963	113.58132	122.7855252	1.008487521	-1	-1	0
66.99486465	33.07897719	247.556959	0.4111036994	1	1	0
66.03341463	24.98517996	324.2097264	0.2252030436	-1	-1	0
107.5709436	13.04250087	37.0425185	0.1469299678	1	-1	0
91.88740116	50.13290608	129.1444126	0.4101206146	1	1	0
13.67949291	28.40162532	147.7127873	1.201405953	-1	1	0
42.37540398	94.62156087	305.2173059	0.6356442668	-1	1	0
116.60519	73.90794545	237.5042065	1.253117237	-1	1	0
48.02605302	100.9326449	0.9740396983	0.5427304745	1	-1	0
71.74137503	0.4584718116	25.18052124	1.47414108	1	1	0
90.13107875	34.12118521	32.06061475	0.7832240398	-1	1	0
108.4499755	110.4166384	285.6315352	0.9031938494	1	1	0
64.88223283	99.40277151	324.6689756	0.8171688835	-1	1	0
1.864558281	115.1770083	23.79957137	0.1567984041	1	-1	0
54.61719656	85.7378681	144.3592602	0.07680020724	1	1	0
44.7493414	26.95892062	108.8711699	0.169675714	1	1	0
19.55778885	73.14315217	248.6845025	0.1323591113	-1	-1	0
44.52936966	108.4401613	179.9806593	0.4923756428	-1	1	0
74.79035884	36.64160045	287.5140418	1.342691701	-1	1	0
39.12268736	102.2066664	237.5096908	0.02796980527	1	-1	0
69.74417745	68.53556511	238.299569	0.05204415605	-1	-1	0
56.69259062	99.81823866	345.1167777	0.4496365313	1	-1	0
69.96121278	49.91583955	51.92727111	1.347245303	-1	1	0
89.89372711	96.78618844	126.6434834	1.078835548	-1	-1	0
47.8310606	10.8964568	308.9735122	0.1210738192	1	-1	0
63.31255763	84.59311027	206.238945	0.6208022349	1	-1	0
113.6799632	50.85979622	331.2529973	1.175737164	-1	1	0
55.00990944	47.01069595	234.0288134	1.306997715	1	1	0
28.07599959	111.4707023	252.3697062	0.02977058139	1	-1	0
46.01068879	18.78925342	109.9833005	0.966291868	-1	1	0
11.61680149	75.61750289	225.6914954	0.6125105084	1	1	0
76.94267179	7.803735866	31.32799321	1.438545617	1	1	0
15.20150013	20.13962299	73.25538926	0.7315713544	1	1	0
97.78284859	55.83344849	196.5759103	1.159024568	-1	1	0
19.67070896	34.60717906	151.7884354	1.104606561	1	-1	0
75.56069298	112.976962	22.00753996	1.458587775	1	1	0
58.09560987	114.669007	186.401153	0.6370178771	-1	1	0
48.78668872	40.87265453	218.4979201	1.388177298	1	1	0
88.27535154	119.4631868	149.6623258	1.357942481	1	1	0
119.4414541	56.86535929	76.15380714	1.087424819	1	-1	0
76.64948121	90.20586596	244.0641696	0.612014674	-1	-1	0
73.28218288	20.01151773	9.987110647	0.4940676342	1	1	0
91.91366667	111.3376194	157.2109644	1.267145362	1	1	0
27.65670784	31.69741337	7.064447344	0.0814470776	-1	1	0
50.56268907	32.96951306	31.66225123	1.245824981	-1	-1	0
32.42386771	45.96133531	211.2055331	1.150759381	1	1	0
58.24791405	78.05372234	216.2457021	1.078132901	-1	1	0
76.38236062	44.73589679	328.8766662	1.064176534	1	-1	0
110.8322767	28.09867783	354.4024426	1.05244462	-1	1	0
9.515949994	45.39536902	113.8592884	1.140979473	-1	1	0
45.89249564	87.03472143	260.8197198	1.474396723	1	1	0
107.7646695	45.09514383	71.26060003	0.9619261561	1	-1	0
33.9158107	37.33714475	196.7228729	1.109843758	1	1	0
74.86747121	75.5667569	228.9020056	1.17133726	-1	1	0
52.97446853	55.15821126	123.0486699	0.4201260798	-1	-1	0
83.84483272	112.4348766	230.7149531	1.172682459	-1	-1	0
119.0189516	3.322136728	36.12405078	0.2357030307	1	-1	0
22.98431244	57.16402863	257.0966166	0.6865283486	-1	-1	0
24.61177002	48.7717693	260.2181332	0.5958578934	-1	-1	0
42.30434712	34.99565915	208.3727386	1.388765731	1	1	0
101.8424234	38.86901429	228.3721985	1.063135772	-1	1	0
93.5779106	6.692462917	168.2977415	1.449724485	1	1	0
41.63621382	116.6102519	162.2148767	0.4907832987	-1	1	0
63.61224158	1.865431311	104.1767967	1.009560171	-1	-1	0
68.20577455	41.69464369	314.4741219	0.878132802	1	-1	0
73.50335923	98.41729775	261.7039081	1.07692675	-1	-1	0
66.40205252	76.32194492	139.0392876	0.4272112596	1	1	0
38.20647038	21.13799829	170.2297176	0.7284507213	1	-1	0
40.25263441	42.98821734	149.315572	0.6865366033	-1	-1	0
52.92406929	71.55629044	263.7774222	0.5193160752	1	1	0
90.49308257	14.60544538	286.2945614	0.7008857902	-1	1	0
84.03102206	48.14991629	306.2579839	0.2264778052	-1	-1	0
33.77919613	95.35271871	255.1199883	0.0280581816	1	-1	0
68.38988174	91.75721563	142.6444907	0.2395428755	1	1	0
109.7450389	36.50807905	52.36610827	0.9534668088	1	-1	0
109.9983434	68.1549488	229.4865156	1.25303923	-1	1	0
101.7980645	69.97560287	314.4846094	0.7875200753	1	-1	0
61.1014813	69.78492695	223.7545716	0.0539965635	-1	-1	0
96.62171613	22.28416552	39.11074705	1.087206651	-1	1	0
4.394619142	9.498635057	16.96469198	0.3254354268	-1	1	0
36.13857107	29.24308883	351.0014586	0.17660038	-1	1	0
93.94135629	41.57255164	193.8133788	0.6903347544	1	-1	0
52.75442576	24.49352565	95.58262066	0.9662452036	-1	1	0
36.40292506	110.3651266	253.038861	0.1229032796	1	-1	0
7.437314452	54.13611251	92.98484996	1.141711959	-1	1	0
116.4867971	108.8008334	96.87383753	0.8124761494	-1	-1	0
110.4343017	4.728163488	23.26409151	0.1425454316	1	-1	0
100.2372612	111.2003439	108.5473976	1.080982246	-1	-1	0
111.6797292	59.97231714	74.4305894	0.9846345242	1	-1	0
80.15036116	0.3657796841	240.9333921	1.251368803	-1	-1	0
111.6612829	102.0476912	271.729928	1.091862104	1	1	0
51.20400401	93.31928721	244.6601083	1.194598006	-1	-1	0
5.731940979	31.11778281	273.2171686	0.9542564982	1	-1	0
3.392589932	78.74969944	291.8456013	0.9840962419	1	-1	0
99.82640778	47.3888322	211.8837433	1.063139258	-1	1	0
117.741277	33.70114163	7.714617439	1.241224922	-1	1	0
58.55738383	30.40993664	311.5618984	0.6898397477	1	-1	0
71.75803786	83.3034947	205.8955657	0.7982920842	1	-1	0
6.014310051	62.51606935	65.64396478	0.9679952926	1	-1	0
17.81721532	43.14857758	167.8544516	1.061436958	1	-1	0
59.89840141	92.13791561	260.5775089	1.192111935	-1	-1	0
3.685897181	39.60427593	290.8080726	0.8617392524	1	-1	0
39.19584695	4.437435272	7.27881472	0.3974194755	1	-1	0
78.64707798	105.3719574	246.5013377	1.171576175	-1	-1	0
21.53498388	26.10934547	135.3445667	1.012838356	1	-1	0
49.76420597	114.90152	130.2259472	0.1842703022	1	-1	0
98.88813617	14.38842229	25.01743873	0.04571944356	1	-1	0
115.7102185	11.07036833	316.1955457	0.7911347454	-1	-1	0
105.0920314	21.56043841	76.16814397	1.357729702	1	1	0
95.07317371	103.9502719	114.3277356	1.159938472	-1	-1	0
85.31053194	7.427724259	224.9678518	1.171927481	-1	-1	0
113.112816	19.42610957	299.1907387	1.052939748	-1	-1	0
95.64429541	63.80180192	329.2103698	0.8799420694	1	-1	0
25.95355279	40.27696357	272.7573143	0.5016257457	-1	-1	0
105.6740525	53.66588781	88.68298859	0.9777283287	1	-1	0
89.00185525	25.81951219	150.2325034	0.3178775054	1	1	0
30.96147618	54.74009716	221.3394751	1.244031884	1	1	0
74.14538699	28.26654081	288.030936	1.342674583	-1	1	0
82.88503031	39.6268031	272.1985226	1.437442864	-1	1	0
118.7005241	25.4566458	202.1849502	0.8687127429	1	1	0
1.625590149	48.13452706	309.9231222	0.6169707941	1	-1	0
29.87637092	23.6481222	153.6194937	0.9186459958	1	-1	0
77.47174942	53.407826	313.9347424	1.059975152	1	-1	0
86.7431026	104.3388928	143.6405142	1.265153772	1	1	0
61.67907329	107.1015123	23.33470889	1.470288828	1	1	0
81.9952038	31.40292626	212.778491	0.9642396251	1	-1	0
81.51978503	97.25661575	126.7583952	1.172007419	1	1	0
70.34417906	105.9831121	7.662970845	1.365378129	1	1	0
46.7172725	48.87676784	140.4924124	0.5936990197	-1	-1	0
4.924052882	70.7448861	225.9300297	1.24737436	-1	1	0
97.46002103	30.55620345	230.0605267	0.6215182838	1	-1	0
113.6223949	117.0159714	82.42424927	0.8875406471	-1	-1	0
53.28274795	107.3748956	199.8693516	0.635627846	-1	1	0
39.49869001	12.82916872	126.8743224	0.8753056314	-1	1	0
11.70077803	36.92480608	130.7865562	1.200052186	-1	1	0
118.2528845	65.16181912	214.1526548	1.327193537	-1	1	0
38.60780106	51.56961487	213.0303912	0.4070587734	-1	1	0
102.1121071	6.527176068	84.90430049	1.070154609	-1	-1	0
105.0399187	118.4408625	94.58595739	0.9797997059	-1	-1	0
20.99885819	65.07005282	357.0307592	0.4985766652	1	1	0
56.96123481	38.94334583	18.5973689	1.201773686	-1	-1	0
64.51492644	62.21934781	267.2839717	0.3334033828	1	1	0
12.990348	67.36111115	213.1965608	1.340511195	-1	1	0
16.66425566	51.49225722	258.868245	0.5947087274	-1	-1	0
103.8357908	61.94266802	212.220795	1.159866041	-1	1	0
