120	120
83.61000779	78.56236517	282.5545689	0.4495746571	1	1	0
26.25052225	15.45537492	288.3178665	0.7624934302	1	1	0
19.13066168	37.54215604	276.0346998	0.9858735586	1	-1	0
10.42583759	114.9607438	230.9368244	1.199337705	1	-1	0
66.80713674	117.6517481	173.670827	0.06217357551	-1	-1	0
72.34757077	88.01151275	322.3755156	1.003262585	1	-1	0
87.82138167	70.61759485	350.7667344	0.9137859945	1	-1	0
98.76312977	45.71176284	66.81340562	1.101116197	-1	1	0
29.35906071	7.881067907	342.1569673	0.6401193186	-1	-1	0
31.36477102	106.013627	162.7956851	1.201668931	1	1	0
82.72041023	101.6950463	22.94232686	0.2623134682	-1	-1	0
87.93025742	24.59880114	39.86523989	0.3697755191	-1	1	0
96.2925632	107.4610362	22.12263249	0.1648229482	-1	-1	0
15.34114143	1.710672811	186.9791786	0.171745284	-1	1	0
14.12323555	44.79401968	185.8709114	0.4340924819	1	1	0
88.6371666	56.05648471	82.76585001	1.014854214	-1	1	0
30.66851774	75.88179595	106.2636154	0.9212654751	-1	1	0
5.762095162	59.40244493	6.687843168	1.028585508	1	-1	0
49.89024776	32.40860138	286.0704046	0.4524617823	1	1	0
61.79164276	110.8396584	161.6398065	1.202062052	1	-1	0
96.7946649	53.69788731	95.84646045	1.013166733	1	-1	0
38.04492323	6.991121398	48.59311911	0.2736403804	-1	1	0
67.56410462	34.93311226	299.1470039	0.09050606983	1	1	0
22.71184704	106.4445503	149.7641591	1.013834997	1	1	0
79.25681239	109.3130081	108.1812169	0.5411220733	1	1	0
75.14619226	117.3194778	83.68875777	0.5266290189	1	1	0
7.639385945	29.3762897	150.9935392	1.134001067	1	-1	0
38.80547059	76.34487971	214.319836	1.01756527	1	-1	0
56.05175503	62.36085126	281.6363707	0.4574879567	1	1	0
29.96486284	90.99469811	3.682195988	0.8274959174	-1	-1	0
117.9710375	61.98073975	272.6420307	1.307978491	-1	1	0
34.78277824	97.79756382	124.6931507	0.08145515263	1	-1	0
92.13707491	115.2184365	19.65359555	1.267824994	-1	1	0
2.651320462	36.56485118	133.5687708	0.9477430439	1	-1	0
18.2403823	52.48760214	174.0655125	0.3409940215	1	1	0
70.44662546	110.0805987	176.0708843	0.9990247797	1	-1	0
82.8677144	18.14825537	16.72509075	0.9951540466	1	-1	0
17.96288289	15.82918674	217.1598389	0.3894406366	-1	-1	0
79.77122983	26.79494982	265.9604446	0.8345835214	1	1	0
106.6460539	42.53677186	354.0448826	0.001112076123	1	-1	0
26.94602102	52.78605852	266.7973486	0.8111323455	1	-1	0
116.472363	70.03038527	242.5462642	1.100567491	1	-1	0
28.07851596	38.50750817	74.59378648	0.06504881973	1	1	0
48.25032041	104.386459	84.48875991	0.6373773314	1	1	0
9.869659513	51.84745091	99.5588193	0.1536443872	-1	-1	0
83.92933592	63.37157832	85.7581008	1.014909469	-1	1	0
87.9088703	107.9908403	121.5166155	0.4491046308	1	1	0
26.58578399	99.10407127	67.82314252	0.4550983107	-1	1	0
25.96692869	83.3804138	9.730864199	1.014407519	-1	-1	0
32.63730709	0.2009966091	262.5236655	0.1738062509	1	-1	0
74.18888029	102.7840236	39.1542489	0.2618484366	-1	-1	0
93.61611572	31.54832033	347.1017939	0.8352406292	-1	-1	0
10.88543922	37.1096461	189.1450147	1.229057313	-1	1	0
91.36060552	100.3637452	11.52147335	0.2579551135	-1	-1	0
74.27070801	19.76481134	283.8572833	0.5510399754	1	1	0
48.13609888	47.33331817	82.61706063	1.227783153	-1	1	0
19.19146532	114.4069651	167.8038485	0.9201375563	1	1	0
21.36214363	23.49003234	323.996978	0.01805520173	1	1	0
97.62471068	1.445417881	98.59291596	0.6159177654	1	1	0
94.54175026	9.182307012	145.7366009	1.281861616	-1	1	0
112.8957136	47.99918076	300.4731871	1.213734934	-1	1	0
36.42828046	38.80109278	311.3700487	0.8100279827	-1	1	0
4.153609517	21.9540673	293.847396	1.414221071	-1	1	0
47.60431061	76.47615561	224.320728	1.014949267	1	-1	0
58.02476327	34.14364931	359.3317249	0.2673307434	-1	-1	0
36.18644204	112.7848971	284.5158041	0.452438222	-1	1	0
85.54862665	33.69654203	242.0150531	1.205801313	1	1	0
60.71869287	55.35743245	231.4722195	0.2708877191	-1	-1	0
44.88060019	111.8138422	191.4035074	0.8249562475	-1	-1	0
38.68244844	22.1178196	127.6528712	1.414289264	1	-1	0
22.33505148	75.69610287	357.2721678	0.2708063757	1	-1	0
77.44400732	95.18927862	229.9897308	0.635045605	1	1	0
34.54016838	15.04105865	47.65819968	0.2036876864	-1	1	0
60.80749588	96.69824155	295.6846317	1.101416729	1	-1	0
51.93894636	69.62548243	335.3130258	1.107554159	-1	1	0
76.8850394	34.49696104	1.543654643	0.648344165	-1	-1	0
69.05655665	95.63408425	5.142249881	1.471069111	-1	1	0
109.1561213	25.80333572	210.1697307	0.9313905379	-1	-1	0
83.84704803	41.69307918	9.773335319	1.485009217	-1	-1	0
56.72885322	104.155936	41.47780322	1.474918042	-1	1	0
39.56510085	104.5510656	298.6969572	0.5455987291	-1	1	0
21.85123862	92.1802251	22.68224255	1.199925828	1	1	0
12.47690141	22.08596306	87.25303804	0.9475548894	1	1	0
100.4437393	36.94655364	331.623656	0.9312510413	-1	-1	0
31.48403909	46.01372196	296.6019608	0.9962913353	-1	1	0
108.1718183	33.91880788	28.91591163	1.117827959	1	1	0
58.11646383	119.0550995	53.57885433	1.20226677	1	1	0
114.6771233	39.38972791	285.5821177	1.028160208	-1	1	0
39.76280824	46.62469362	309.4138585	0.4385288177	1	1	0
22.70975497	45.35304007	231.3594165	1.368892479	-1	-1	0
90.37208018	47.73611584	75.83178925	1.014604186	-1	1	0
49.76492786	119.1175075	206.2964906	0.928690328	-1	-1	0
26.44938671	68.04533554	91.81226049	1.015424521	-1	1	0
39.23016264	61.64036602	330.1345496	1.029492202	-1	1	0
51.94288863	14.61069079	292.7316615	0.6441019901	1	1	0
33.10147632	31.1970578	135.3622285	0.5352863916	1	-1	0
0.6711475437	45.08959062	116.4509827	0.8424869279	1	-1	0
88.95854914	2.833334624	161.6634128	0.9003063218	1	-1	0
96.97610249	84.85208097	124.3352762	0.07253881237	-1	-1	0
14.06169609	59.48475779	111.7317175	0.06299582993	-1	-1	0
92.36938702	39.60238455	255.7997048	1.019928304	1	1	0
85.63508995	93.325268	3.173310617	0.2575785565	-1	-1	0
62.39224281	41.55216187	3.151098441	0.4523313631	-1	-1	0
46.31345463	6.787270104	5.371696759	1.484455184	1	-1	0
53.12790733	40.5958823	300.1929861	0.3592163462	1	1	0
57.180128	47.95461755	301.420756	0.4523124208	1	1	0
53.13481188	111.7048507	68.43525886	0.9226145053	1	1	0
17.88026624	83.8447622	30.06687654	1.10823733	1	1	0
91.82510839	77.77808727	86.7852433	1.190428031	-1	1	0
18.00067111	66.81384945	132.7484437	0.8080378783	1	-1	0
109.7932289	64.99819136	292.3425033	1.286884764	-1	1	0
43.16771812	14.41756938	58.37099943	0.2738078643	-1	1	0
82.44345739	49.94606273	210.4258635	0.8329631597	1	-1	0
15.91987489	29.95420401	173.0663173	1.13660907	-1	1	0
43.11535285	83.81171238	218.0233633	1.108097065	1	-1	0
34.73044171	68.59714198	231.1475852	0.8292949187	1	-1	0
111.5859511	56.85789398	119.3926628	1.193302609	1	-1	0
44.61511776	39.37368877	11.00322901	0.7167893023	1	-1	0
23.68877438	1.854406587	156.9293359	0.7303580589	1	1	0
77.24969249	11.97282953	199.0621169	0.1552426767	-1	-1	0
24.76416453	30.84282849	111.1404275	1.421043219	-1	-1	0
71.42250129	27.4656107	344.3069411	0.5549398246	-1	-1	0
35.38218946	53.79148722	312.7970691	0.9972697577	-1	1	0
52.03075842	54.87377002	284.5735531	0.378570933	1	1	0
27.36736442	113.5186186	223.7681431	0.7330404498	-1	-1	0
39.16762147	90.91668193	335.0863529	1.385446727	-1	1	0
101.2762912	28.48807199	13.19256409	1.117754954	1	1	0
103.243225	59.23588435	323.2357161	0.08087016266	-1	-1	0
71.95703261	4.913062397	185.0770936	0.1546921809	-1	-1	0
57.38521632	21.15588833	314.2686404	0.1818682849	-1	-1	0
68.90439328	12.69531569	301.1155025	0.3476789241	1	1	0
47.45095208	62.33346141	354.8190726	0.7500269376	1	-1	0
102.1519446	91.8954098	142.5501295	0.1289620415	-1	-1	0
9.429737562	66.84815029	76.77026724	1.273117358	-1	1	0
85.8869205	10.57488175	160.7457768	1.272637704	-1	1	0
91.49661781	16.78359291	32.857296	1.088257417	1	-1	0
17.89292182	99.58862185	3.102404937	0.6380454552	-1	-1	0
30.86348662	60.72388969	250.0668752	0.8285477877	1	-1	0
65.4217932	103.5970424	26.24514292	1.382076904	-1	1	0
119.5816731	53.42635928	290.3239723	1.306359614	-1	1	0
62.8758263	27.78248981	302.3331558	0.08758243051	1	1	0
34.36562908	83.78179218	147.7910803	0.919457372	1	1	0
60.53514468	13.26093762	312.0823848	0.1784242704	-1	-1	0
63.46544181	5.660966637	56.0872687	1.481634176	1	1	0
41.39824385	119.3681379	299.6601557	1.203478868	1	1	0
13.65630242	90.86388064	257.1286832	1.013413375	-1	-1	0
105.2919757	84.33390531	128.4460473	0.3153247369	1	1	0
80.28870475	4.331886039	68.00947619	0.4345256852	1	1	0
43.18606878	69.44981081	346.8760028	1.110101373	-1	1	0
105.1293272	51.20394569	32.21225034	0.8216130238	1	1	0
93.93383329	92.68332958	250.5305134	0.4426169802	1	1	0
88.74631494	85.6992134	266.2977805	0.4438748632	1	1	0
80.45910018	86.15976846	348.5253755	0.1650802668	-1	-1	0
14.42374735	107.6445401	345.783866	0.6375879037	-1	-1	0
30.29989328	22.87669307	343.4126529	0.390308843	-1	-1	0
83.43290677	116.5535423	56.68374075	0.1515575927	-1	-1	0
54.61326518	6.699424784	305.4052118	1.388606745	-1	1	0
43.53821195	54.47584541	11.7719111	0.7505831749	1	-1	0
22.74587149	60.00411803	74.1855124	1.104255946	-1	1	0
65.95383425	20.29013078	327.3333297	0.181881348	-1	-1	0
