120	120
41.97810058	39.80671198	192.998649	0.7214940887	-1	1	0
31.46327528	54.23271743	79.12022792	0.06742490135	-1	-1	0
45.30885423	70.49749108	159.2153342	0.7869256787	1	-1	0
43.67562051	25.14367247	196.2013105	1.443184461	-1	1	0
20.41294917	90.59363326	196.3299899	0.9523713888	-1	1	0
18.06020209	60.1649873	267.2908494	1.052077758	1	-1	0
108.9293865	76.81953455	87.72142573	0.1147927608	-1	1	0
108.6693873	10.45213413	325.7959333	0.1319437293	1	1	0
104.9223906	84.56618546	106.0007842	0.3003574767	-1	1	0
33.53814578	39.18084037	191.5980047	0.5330392909	1	1	0
100.6580966	8.185895493	225.3855009	1.34257164	-1	-1	0
8.277659101	36.12265602	123.0804277	0.7199941511	1	-1	0
99.58929895	62.52960022	242.5128686	0.8599924159	1	1	0
36.59351384	46.95492931	98.11326479	0.3524617806	-1	-1	0
49.40981403	115.503843	96.45215617	1.068059387	1	1	0
35.25982186	87.53278353	306.2467037	0.4782855185	1	-1	0
85.24273936	102.153738	121.981467	0.03752765712	1	1	0
119.7667963	100.0195133	34.17222039	1.32373821	1	1	0
3.776649563	65.54306912	196.3135652	0.8605463686	-1	1	0
107.7007146	92.20196202	348.0064708	0.2065372595	1	-1	0
50.61595867	41.48812632	63.73912667	1.383961843	1	1	0
106.1978542	2.071823858	343.6284929	0.1319774486	1	1	0
51.72351676	93.35313366	150.3203462	0.396039304	-1	1	0
9.332174743	58.71630838	190.1883021	0.2122635708	1	1	0
53.5441663	49.79789586	79.82240555	1.386375548	1	1	0
100.5531829	77.4505441	320.6921369	1.14077044	1	-1	0
43.36997969	89.74231896	101.8423982	1.036732154	-1	-1	0
11.17225637	44.50462277	163.3294333	1.422735986	1	1	0
54.11659537	71.23202696	221.5844295	0.8816971391	-1	-1	0
92.61966981	6.126922064	107.6024496	0.131886733	1	1	0
39.24793729	104.4457439	184.3007816	1.227434007	-1	1	0
46.38893902	10.34820521	298.7525138	0.04339074948	-1	1	0
6.048770523	51.229671	346.3195722	0.02605189079	-1	-1	0
55.80297018	109.7030529	104.8506364	1.068734841	1	1	0
62.51875857	51.24605458	317.5418474	0.5461074967	1	1	0
22.15715007	30.51528653	218.4380597	0.3245403048	-1	-1	0
72.92824498	83.12519599	296.065325	1.482381153	1	-1	0
17.90646547	82.78559547	265.4850419	0.6750245821	1	-1	0
58.80347753	43.48996884	222.8200156	1.106912817	-1	-1	0
0.6893736331	57.83884521	280.3058876	1.422947858	1	1	0
102.2369884	105.2666652	287.9974926	0.7803918685	-1	1	0
4.613678591	93.43615901	264.3617196	1.137622698	-1	-1	0
26.71267567	23.3127723	180.8136911	0.511834907	1	1	0
54.40153296	12.16072082	142.724148	1.255339445	1	-1	0
99.46468876	97.11858072	285.1989113	0.7821128806	-1	1	0
93.8637692	103.794015	108.9978691	0.1306678712	1	1	0
34.34014662	62.02645144	321.6985679	0.06743453924	1	1	0
61.99631627	103.9029969	148.741276	0.4162200344	-1	1	0
74.04332589	61.18221012	66.13699855	0.544033252	-1	-1	0
111.4487025	99.49529257	93.61898585	0.4854738676	-1	1	0
32.7698457	109.733444	52.62738216	0.6687041233	1	-1	0
100.9435954	47.50467102	138.5586878	0.4957493681	-1	-1	0
82.53767035	62.39031382	104.0847269	0.7302263412	1	1	0
88.36000834	87.7097028	184.1208953	0.3240533666	1	-1	0
111.7921553	32.97825623	345.5449032	0.9016134927	1	-1	0
114.1821868	4.147437733	348.5709827	1.339514065	-1	-1	0
66.36078794	89.61919132	286.0762568	1.485348736	1	-1	0
3.112928497	42.87394474	4.437831998	0.2515733722	-1	-1	0
38.20689182	8.954773216	280.8371427	1.164872638	1	-1	0
41.13504008	113.355206	93.42117348	1.160834167	1	1	0
62.62220691	73.05414235	203.9236538	0.7370710744	-1	-1	0
23.27201607	76.71773082	311.4849909	0.8618428194	-1	1	0
12.10062591	89.53245429	197.4692752	0.3001441465	1	1	0
117.75714	76.48824949	26.823057	0.2085129512	-1	-1	0
56.65338039	79.34434673	306.6383762	0.08481204087	1	-1	0
14.78297659	52.25910903	315.160213	1.143267208	-1	1	0
108.1767359	62.69561118	22.19638155	0.4886587028	-1	-1	0
48.4862402	77.72963142	287.2819467	0.6950960502	-1	1	0
44.95916546	47.85086626	64.11335225	1.383941185	1	1	0
96.54056058	111.7560972	109.2560924	0.1305360094	1	1	0
20.05967726	68.49843935	221.234198	1.052936275	-1	-1	0
114.9550725	41.10972443	281.374186	0.6232378957	1	1	0
106.765841	39.75863039	218.3702858	0.03000269282	-1	1	0
56.77128264	20.0096468	60.75787289	0.04453693525	-1	1	0
26.62301886	84.66562706	283.6825238	0.5824872814	1	-1	0
5.704800703	73.46830565	270.3485936	0.6744249347	1	-1	0
14.32633512	75.22754983	241.5195147	1.239284607	-1	-1	0
71.48858643	53.30181701	339.838769	0.8234701969	1	1	0
31.19956662	101.1421611	66.31806545	0.7604394322	1	-1	0
84.59109803	3.73146369	85.52627949	1.342508898	-1	-1	0
65.46694541	59.15920295	82.74173414	0.5452802316	-1	-1	0
53.45188384	101.7430305	164.2385367	0.2305712536	-1	1	0
109.0905563	47.72642023	269.8563602	0.681914839	1	1	0
56.77436874	57.44036181	100.8667794	0.7300334069	-1	-1	0
95.34517314	70.21265226	307.2999781	1.140719157	1	-1	0
117.6183019	26.58463832	356.3691427	0.903432124	1	-1	0
91.29175556	62.74117107	234.5547912	0.1148012979	-1	1	0
110.0827646	107.5557436	59.59791918	0.5014615897	1	-1	0
16.67356813	37.44957915	233.0505661	0.3205393126	-1	-1	0
18.49184923	22.61983552	233.8247709	0.3250413789	-1	-1	0
48.59780686	18.56312122	156.949351	1.255482941	1	-1	0
90.27392976	117.7492403	124.6195335	0.2236641622	1	1	0
80.49216269	85.73040579	157.1172528	0.04476553358	-1	1	0
51.74525036	26.74166454	142.1061261	1.163859089	1	-1	0
59.69749095	95.97747428	308.8103093	1.249458997	1	-1	0
11.91708625	67.1714425	206.2558787	0.3019469245	1	1	0
91.07223999	95.76553187	190.3681147	0.4107934435	1	-1	0
47.16615326	107.1512368	169.1676181	1.355662426	1	-1	0
81.78951153	115.8038703	107.3174609	0.3176067717	1	1	0
113.2791644	83.71261607	341.7488075	0.207066945	1	-1	0
87.91609712	109.9091271	66.26434969	0.1306146653	-1	-1	0
116.3487157	91.94111512	358.04288	0.2065318198	1	-1	0
79.70737081	54.57836181	81.81934362	0.5440387921	-1	-1	0
76.63191951	100.3562822	209.7419149	1.435601241	1	1	0
26.35623716	61.51904109	91.60388394	0.06598557665	-1	-1	0
39.5959556	54.82096242	78.1422983	1.09256894	1	1	0
112.5346747	116.0072602	329.2636629	0.1288546007	1	1	0
25.10157498	106.6252453	308.2211367	1.040745197	-1	1	0
1.412176014	85.2387829	356.0324383	0.6721081147	-1	1	0
72.88857919	113.9936505	151.1336477	0.2267553344	-1	1	0
28.32223031	70.00639401	322.3433952	0.1204018103	1	1	0
43.75163438	1.847802914	284.3402686	0.04333914966	-1	1	0
76.70315302	68.96610861	120.1297213	0.8232238053	1	1	0
37.2777055	95.78814595	166.1676383	0.9442488575	-1	1	0
104.5365207	113.7874553	223.542952	1.244958144	-1	-1	0
47.6754674	55.70312753	340.2300787	1.104511894	-1	-1	0
28.91036686	92.95595282	182.4724966	0.9550606338	-1	1	0
51.74696164	3.88409788	159.2963451	1.347295581	1	-1	0
69.95889351	105.9980348	197.8749986	0.1335147019	1	-1	0
13.92670575	29.4426108	58.73619179	0.5109508687	1	1	0
30.38252138	31.15219504	193.4277328	0.6000118193	1	1	0
104.3396529	55.1132217	254.610757	0.7710171753	1	1	0
5.838780529	28.13705267	4.69373783	0.2517507419	-1	-1	0
103.7049664	69.80628008	25.22056147	0.3951763399	-1	-1	0
113.037415	69.53946485	130.6153618	0.6739529532	1	1	0
117.9686344	49.2606242	297.4324308	0.7746552713	1	1	0
24.92035766	38.32406803	183.5420142	0.6931813335	1	1	0
58.31130821	87.59185842	162.7878894	0.590881984	-1	1	0
64.25411169	112.2972091	159.1594599	0.230176234	-1	1	0
64.91398061	81.34465001	287.5563784	0.2714638083	-1	1	0
59.96640722	6.206352262	179.0640186	0.04439362294	-1	1	0
98.20405478	119.8378169	208.6084443	1.342859589	-1	-1	0
82.67302797	94.23524818	44.02282315	1.162641235	-1	1	0
22.81765379	98.54201424	49.25556215	0.6713096323	1	-1	0
50.77426214	63.54304001	62.48430893	1.011210356	1	1	0
45.21351772	98.54193628	185.3013003	1.23424678	1	-1	0
71.00177631	74.98852409	192.4689748	0.7377325603	-1	-1	0
68.62946845	97.57550073	173.0708501	0.8769229262	-1	1	0
35.53795225	23.97078317	279.2019761	0.9776981527	1	-1	0
40.51900445	16.92596113	181.7987406	1.443091874	-1	1	0
36.8743234	69.93011009	59.89041604	0.8650192264	-1	1	0
42.40426409	62.83130411	356.8489478	1.463084466	-1	-1	0
23.20519363	53.39707237	269.681679	1.066689105	1	-1	0
79.19926789	108.1436316	81.47591408	0.5058049612	-1	-1	0
68.16927397	66.97679669	104.4007286	0.8247435053	1	1	0
57.59235487	117.8939665	166.3288564	0.137235677	-1	1	0
59.56575842	65.12267014	85.93410508	0.9178939821	1	1	0
74.77998518	91.81402993	202.85864	0.03872284735	1	-1	0
39.07976263	32.14602291	260.2782646	0.8793919923	1	-1	0
27.99273615	46.14207956	101.4647258	0.1676306856	-1	-1	0
96.16256117	55.02567846	150.5749529	0.5809436094	-1	-1	0
40.18631673	77.75779391	92.09439383	0.2204531686	1	1	0
112.6366033	55.34110143	11.23273151	0.5815776501	-1	-1	0
8.785708319	81.48705573	263.0351243	0.5791923918	1	-1	0
32.28691483	15.86447209	292.3612753	1.070821244	1	-1	0
19.6295669	45.35623771	247.367564	1.158734357	1	-1	0
50.38411927	85.50125792	324.8363312	0.3115029181	1	-1	0
0.02997896748	34.66322536	19.1455013	0.251397006	-1	-1	0
62.88668152	14.08028939	79.85820626	0.9757191046	1	1	0
31.97595678	78.01460066	212.1904423	1.420602927	-1	-1	0
