120	120
94.35363788	44.9821668	217.3503267	0.3376097434	-1	1	0
74.72336746	28.92884976	233.8552381	1.285152704	1	-1	0
98.63502567	23.61557793	30.39124437	1.174785091	1	1	0
114.1354596	76.12277699	24.84698075	1.015309028	-1	-1	0
2.906390825	63.93785111	23.51694228	1.205199396	-1	-1	0
31.10048665	70.57224041	33.50999932	1.29552497	-1	-1	0
109.2439051	8.258689994	176.6159276	1.162736794	1	1	0
15.58637746	25.90414417	126.8291911	0.614354734	-1	-1	0
50.14686499	59.33210553	302.1660448	1.483694061	1	-1	0
23.26969277	72.89043694	339.5035037	0.914271858	1	1	0
48.62047097	88.91000361	313.8281258	1.041379062	1	-1	0
100.9999017	57.31934734	96.89877012	0.6448108885	-1	1	0
64.27617057	111.5169042	189.1067873	0.2956487378	-1	1	0
20.59550748	50.62958338	154.5806068	0.7357412578	-1	-1	0
65.43031844	29.32768866	203.871861	1.09922022	1	-1	0
47.28672784	67.11072462	336.4738156	0.458874537	-1	1	0
17.97499575	84.32527547	95.65366773	0.7090336475	-1	-1	0
112.0971833	102.036668	92.23763663	0.8935592008	-1	-1	0
112.6888956	85.12679579	331.1395806	1.105383799	1	1	0
39.4765455	30.60149374	125.0411427	0.9114679885	1	1	0
96.33854941	92.41907302	55.13487146	0.6397943368	1	-1	0
102.7608195	30.87531529	208.2453405	0.2475691002	-1	1	0
26.86609918	38.57971075	6.60321676	0.07198373743	-1	1	0
92.69091129	84.8933542	175.4363936	0.8260433598	-1	1	0
93.29162669	69.82215358	173.9741173	1.291681087	1	1	0
87.57840115	91.32263389	35.84009397	0.6618038188	1	-1	0
116.436844	42.31056426	314.195009	1.15585233	1	1	0
84.03617108	83.75909515	111.6613795	1.021840653	-1	-1	0
7.36689265	103.5943714	4.235654315	0.1486395473	1	-1	0
10.98911377	61.00148269	32.35655226	1.297941662	-1	-1	0
48.65007652	44.63570309	327.5566672	0.1615936518	-1	1	0
12.35130135	117.2203856	149.9502696	0.420653346	-1	1	0
94.5236011	16.52080232	132.9077428	0.8968264764	-1	-1	0
60.42037683	103.6628585	171.8577167	0.2000303861	-1	1	0
56.96133043	88.17016252	236.7877598	0.106786577	-1	1	0
47.47445987	15.37801123	167.1604409	1.286558044	-1	-1	0
47.789651	30.1556426	246.9970695	1.378977207	-1	1	0
3.541142498	8.447287375	306.6616246	0.977133773	-1	-1	0
73.50076256	97.58825813	115.0739786	0.5740080411	-1	-1	0
80.33624769	76.10643502	98.93765067	1.021668886	-1	-1	0
8.40977081	95.46931659	146.2214065	0.5212147642	-1	1	0
31.0504753	46.17864111	0.3364552114	0.06703621655	-1	1	0
32.17865298	92.92678275	141.5206892	0.3876642833	-1	-1	0
109.0735888	54.40597347	102.9635058	0.8326466725	-1	1	0
118.6098669	107.1820774	29.30835618	0.9792820557	1	1	0
90.80608406	98.86138867	52.65815711	1.037149688	-1	1	0
85.25333418	68.80842958	103.099473	1.105104258	-1	-1	0
31.33959295	31.05980559	274.1297724	0.6308305203	-1	-1	0
9.943796716	31.99119896	290.8342378	1.080786454	1	1	0
67.34198554	57.60410203	264.2237754	0.4667547995	-1	-1	0
3.644359098	37.996316	308.0542796	1.155631573	1	1	0
4.524756587	46.45060251	12.04914075	1.342076677	-1	-1	0
77.26411711	68.39598324	307.2335079	1.022177345	1	1	0
99.92888603	100.0515914	178.5266019	0.6398022821	-1	1	0
1.482097626	72.39423487	325.458362	1.388790933	1	1	0
9.606857087	86.72502644	83.0937938	0.8028826204	-1	-1	0
107.7772932	62.60417976	327.9780785	0.924500851	1	1	0
89.380951	38.33779285	348.8303339	0.05573554252	1	-1	0
15.34893765	75.37102823	34.98879645	1.378965829	-1	-1	0
28.70321736	79.24505375	20.65673617	1.002337918	-1	-1	0
116.715901	3.902125244	165.628767	1.163610896	1	1	0
0.4248003365	99.04492368	79.97826912	0.8004314747	-1	-1	0
69.14550922	65.55213885	294.3589524	0.7460154222	1	1	0
39.90806132	45.47125256	343.5851755	0.08807756047	-1	1	0
62.1880569	50.59746107	326.1671227	0.1809024426	-1	1	0
107.1718836	71.09839988	92.72323109	0.736433952	-1	1	0
39.23393933	68.46644844	317.4566643	0.3656613412	1	-1	0
117.0096588	50.69100535	11.08921775	1.298231571	-1	-1	0
53.49670084	51.86159966	341.1909469	0.1793956353	-1	1	0
7.744313099	78.43707753	327.0421986	1.297538485	1	1	0
55.7036411	14.96984165	232.1563639	1.28655914	1	1	0
75.90211336	83.24525801	298.8410663	1.115133805	1	1	0
85.63341616	31.03728854	92.87998268	0.2446754285	-1	1	0
103.4613751	16.55814372	25.12411142	1.081971696	1	1	0
100.376962	65.89747187	28.01503084	0.9241747918	-1	-1	0
13.68773671	109.1267261	3.37541755	0.1486332085	1	-1	0
19.54090281	42.53992859	56.57100833	0.9088750347	1	1	0
64.94494181	96.23220735	187.9519118	0.2924483323	-1	1	0
44.9906049	52.11471062	243.0300133	1.018517796	1	1	0
116.0479894	59.0877834	63.40997111	0.6462891468	1	-1	0
36.93547509	76.75317381	29.14137137	1.403755871	-1	-1	0
56.86640153	44.22788939	342.6967881	0.07680275986	1	-1	0
101.4664107	85.98818602	154.4249917	0.6434458662	-1	1	0
35.28900661	38.45491976	110.1099034	0.911612009	1	1	0
4.190728011	55.33155492	15.67213987	1.294707332	-1	-1	0
4.556694392	0.07411444004	149.7645933	1.163748282	1	1	0
56.67726485	29.49171331	197.7850504	1.005562176	1	-1	0
27.88975103	55.24022488	153.8770126	0.6439905448	-1	-1	0
17.41114143	66.87004171	51.63305873	1.473053818	-1	-1	0
51.45284235	81.05386657	215.8282854	0.1085936266	-1	1	0
11.47644233	40.24990668	128.7866577	0.8010135208	-1	-1	0
97.67561104	78.38237375	32.14919088	1.481439942	1	-1	0
43.85766593	22.73982536	111.1644495	1.380578109	1	1	0
68.68920598	104.3630064	152.8366734	0.1094759773	1	-1	0
109.6273276	119.5368254	48.61865208	0.6036705919	-1	-1	0
66.33114154	43.41284705	328.0196029	1.193928169	1	-1	0
44.02913484	37.89806857	198.5789598	1.284349412	1	-1	0
85.99377235	106.25785	344.250542	1.412176512	-1	-1	0
19.07905893	58.74056921	95.59412182	0.1768526368	1	1	0
25.98064126	87.18808367	174.6929727	1.375211148	1	-1	0
89.65839745	23.44627876	95.08921596	1.455556563	1	-1	0
98.84988587	38.1545531	344.4525496	0.05912962781	1	-1	0
7.317122872	23.54095078	284.979176	0.04938048355	1	-1	0
107.5194719	24.14045163	97.30432507	1.454387083	1	-1	0
77.22232258	105.6728076	76.27010735	1.046430268	-1	1	0
94.01515776	30.86164857	22.72212721	1.176637534	1	1	0
75.72202482	60.2913856	330.227191	0.0909464545	-1	1	0
34.72344731	85.03036307	115.88156	0.7519881748	1	1	0
16.15827253	92.42586242	151.845288	1.080114469	1	1	0
41.57613953	59.51652735	31.75909794	0.9275127905	-1	-1	0
109.2152777	45.80316047	39.19124238	1.083328284	-1	-1	0
11.43952839	5.516623291	142.642703	0.04638925551	1	-1	0
33.60450242	61.80050895	339.2594158	1.483122489	1	1	0
9.536071639	69.37658072	317.8772503	1.484825581	1	1	0
17.9149821	34.40080778	145.8536566	0.7074874536	-1	-1	0
70.24260834	36.06220594	221.1375723	1.471146956	-1	1	0
114.8330507	67.29989939	88.41483554	0.7372312988	-1	1	0
82.0094473	98.64449201	275.2867355	0.1084006302	1	-1	0
42.87377154	82.99536023	95.87962427	1.41260136	-1	1	0
61.36631057	36.71645504	260.8109006	0.2629783936	-1	-1	0
52.76891455	36.92709057	246.693141	1.47205318	-1	1	0
105.4149843	93.62836599	33.47305948	1.295193002	1	-1	0
1.846216716	29.84924625	357.7848529	0.7842808639	-1	-1	0
81.16190457	23.69088278	101.8711359	0.151822625	-1	1	0
112.4471559	30.86827091	208.5635559	0.2310842	-1	1	0
15.46181345	100.6968579	82.7990041	0.8944120949	-1	-1	0
94.33634452	106.3192354	35.66923223	0.757770998	1	-1	0
52.27068302	22.63625607	230.2944456	1.101256171	-1	1	0
111.7566376	16.27387166	13.59102255	0.7882118196	-1	-1	0
58.93695872	58.16039706	316.1965182	1.482324741	1	-1	0
101.7181374	48.95623633	321.1404956	1.268919963	1	1	0
47.95049786	97.02740447	187.7252854	0.5724922747	-1	1	0
79.10818849	36.32700049	242.348782	1.377836539	1	-1	0
117.487111	115.5375831	66.84298458	0.6981603757	-1	-1	0
93.95588232	53.1204015	281.7979776	0.2445282974	1	-1	0
106.3897759	79.32135951	50.44298644	1.476892373	1	-1	0
40.71054056	91.50222523	130.3133063	0.3876432492	-1	-1	0
0.2851629494	81.99062845	29.56602626	0.922352718	-1	-1	0
79.08908195	90.91747116	178.4448895	0.4636074937	-1	1	0
51.93617977	104.1267571	246.6807634	0.7572523262	1	-1	0
114.0798843	93.36012634	87.33108969	0.8007551242	-1	-1	0
56.4166878	96.39321288	264.7337982	0.2925247135	1	-1	0
12.33904276	52.93805725	212.5039115	1.480651486	1	1	0
5.403822233	111.8172538	84.72135481	0.7912993012	-1	-1	0
72.33026684	112.3778321	136.1269561	0.3961057275	1	-1	0
107.6781576	37.5602113	357.4636212	0.06226072999	1	-1	0
1.979400092	90.22191868	273.3713407	1.175662965	1	1	0
89.20333604	76.86944188	111.2068251	1.103039423	-1	-1	0
23.57003175	28.51583658	168.132985	0.8164220644	1	1	0
25.66411801	64.038714	34.27314989	1.481996917	-1	-1	0
45.25211025	75.15819958	332.1870684	0.08658705346	1	-1	0
92.7741878	61.4368679	44.11936721	0.918858244	-1	-1	0
1.615763811	17.10251616	302.8109198	0.9772651475	-1	-1	0
116.3461912	23.42473287	2.781658164	1.064325134	1	1	0
36.22661404	52.91091149	303.3764181	1.204182058	1	-1	0
84.41103427	60.65014773	13.00378963	0.2577951037	1	1	0
81.06499956	112.9825539	147.2693155	0.5807186265	1	-1	0
72.11573904	75.35699629	315.2092443	1.11513295	1	1	0
70.45761458	89.54310626	111.9167194	0.6496191813	-1	-1	0
110.653696	111.0935795	45.01733019	0.7068591181	1	1	0
