120	120
115.5134826	100.1009666	188.3475799	1.176580058	1	-1	0
72.92279011	48.90291998	93.88328696	0.5233799994	-1	1	0
7.533207564	88.08894102	44.9222484	0.4814674756	-1	-1	0
17.43208417	9.527104435	248.8487437	0.9029089624	1	1	0
5.150561285	20.69267349	8.451219061	0.3475420742	1	1	0
85.28190236	71.70547288	111.7275541	0.5190421758	-1	1	0
63.41651224	12.26295937	114.8532192	0.6781777491	1	1	0
27.09138737	39.28990327	16.76101401	1.04393725	1	1	0
68.90032545	56.44282943	351.5060643	0.1471800683	1	-1	0
89.98982564	64.38894434	126.8901921	0.51723227	-1	1	0
1.257218569	94.112905	136.1966582	0.01562798868	-1	1	0
89.54128368	79.37780844	48.53602163	0.7960896064	-1	-1	0
105.4614533	89.32130363	143.8512895	1.465139871	-1	1	0
31.80416884	32.51486501	277.3327588	0.3928993196	-1	-1	0
81.69539718	64.1066997	336.8560064	0.0535352949	1	-1	0
44.91934311	26.14606485	289.5709753	0.4855353579	-1	-1	0
108.6832834	17.26053301	337.7545071	0.7166332426	1	-1	0
116.2041145	69.03121531	289.1012378	0.8557587418	-1	-1	0
2.996682401	12.79478185	184.74807	0.1612682156	-1	-1	0
32.68682571	95.62169663	86.75482986	1.281581999	1	-1	0
44.92682027	83.86673	297.2957757	0.7046440917	-1	-1	0
17.01966023	60.24260528	23.92283255	1.420829085	-1	1	0
28.51623637	109.6116378	180.0007531	0.3485712511	-1	-1	0
73.19351826	64.01279194	335.4610923	0.0536285509	1	-1	0
35.24116003	72.03612023	3.537957383	1.071826087	1	1	0
14.06947682	81.98722437	26.02091276	0.5830766719	1	1	0
7.420165432	118.5798974	202.9244527	0.2520262934	-1	-1	0
71.60271872	12.38249388	292.3229311	0.4929639076	-1	-1	0
69.26153662	41.43489464	350.7928456	0.1475337263	1	-1	0
34.40687202	55.06438528	274.2442731	1.227228514	-1	-1	0
119.3044702	116.4282222	308.3013571	1.279089736	1	-1	0
28.82804663	78.35429938	100.7643847	1.138789634	1	-1	0
99.40209876	35.88171474	12.50563584	1.334382034	1	1	0
21.92838082	115.1469123	248.5743393	0.6292119677	1	1	0
16.6605232	51.90037174	28.52778207	0.3012716338	1	1	0
23.31615267	3.532836733	141.6115516	0.06481686056	-1	1	0
68.20147042	86.24518681	9.330716343	1.444441907	1	1	0
10.68000267	65.47247383	111.7724826	0.2086504384	1	-1	0
51.98111869	55.98452716	349.4564886	0.00741636274	1	-1	0
93.26805788	101.0956919	177.3495627	0.2472832886	-1	-1	0
98.23037651	64.67635117	192.9737199	0.3276413149	1	-1	0
102.3417804	57.55028494	2.984610653	0.6089382996	-1	1	0
11.42471766	15.32455928	172.4647796	0.06470650659	-1	-1	0
59.9842133	70.85758408	357.1559295	0.05180080172	1	-1	0
77.5855586	41.51046978	110.5167847	0.4301927629	-1	1	0
83.73225745	19.92288483	173.7492117	0.7948962922	-1	-1	0
66.97913749	19.86700014	354.2403573	0.1188430354	-1	1	0
57.38101909	34.12567287	330.4952157	1.337507989	1	-1	0
32.97216757	63.84802002	295.5115106	1.070753097	-1	-1	0
72.6786866	78.86540616	335.4434119	0.04886841001	1	-1	0
90.87549369	34.88548976	32.17436313	0.4891917503	-1	-1	0
93.98059737	57.10863722	211.0237553	0.3303122131	1	-1	0
38.76717013	89.34041186	22.97774789	0.9835927432	1	1	0
5.974823773	79.8351804	45.88092931	0.4805918877	-1	-1	0
81.21765111	49.14005631	224.3836827	0.4186192777	1	-1	0
37.22630341	80.70236788	86.71699296	1.260438356	1	-1	0
110.7902568	114.3457587	313.5992685	1.185615099	1	-1	0
9.44087594	6.956650567	186.8146469	0.2496798639	-1	-1	0
101.9711405	71.75861191	244.9702081	0.4207483262	-1	1	0
77.22486855	56.53048903	109.4569713	0.6083926739	-1	1	0
95.01683207	42.78720607	277.1941689	1.443994449	-1	-1	0
53.67750975	26.65842106	355.3257346	0.2064633231	-1	1	0
25.12531905	62.25291463	132.5029573	1.233968761	1	1	0
104.5329644	0.6750103007	304.4153086	1.275891153	1	-1	0
4.081120187	101.9778725	202.2546476	1.132546081	1	-1	0
70.60944348	116.2556197	336.2160716	1.245688384	-1	1	0
12.45815117	104.5140802	121.1833737	0.7327948314	1	1	0
98.9196702	49.88499013	150.9979631	0.0499281629	1	1	0
64.67198441	48.83921819	6.558271247	0.1475363041	1	-1	0
101.6079158	103.9001707	173.1935481	1.371738336	-1	1	0
36.77936321	25.74250652	122.8378559	0.6721509737	1	1	0
30.27979039	47.59893978	261.0850054	0.02123372471	1	1	0
68.47538875	71.24445289	351.1237332	0.05161003625	1	-1	0
111.2434189	83.19624524	141.3892649	0.954805822	1	1	0
93.57382256	72.08370068	209.937686	0.2361924303	1	-1	0
34.88455946	103.6854185	180.7843731	0.3503430986	-1	-1	0
72.24333496	93.9546536	332.7185603	0.3118844655	1	-1	0
52.11013303	41.05001062	152.1929875	0.5643512309	-1	-1	0
119.5356913	85.69134107	136.7700573	0.9481091791	1	1	0
42.97244367	55.90278157	335.854814	0.2977101064	1	-1	0
22.14698501	45.70563623	284.631661	1.136366057	-1	-1	0
75.48284452	19.71965862	235.1235206	0.9565281998	1	1	0
117.8019045	77.36677979	136.124319	1.042455542	1	1	0
60.79441926	41.61404261	215.6462414	0.3131448885	-1	1	0
107.6459307	97.76291169	160.9385256	1.465152793	-1	1	0
73.41352619	108.2099792	197.2639036	0.7800738879	1	-1	0
41.21367929	64.8312218	338.7984123	1.350108686	1	1	0
12.8943846	23.94654589	87.75684144	1.461373165	-1	-1	0
109.7212786	74.72932619	137.9980804	1.046180079	1	1	0
81.17387244	79.1497616	76.55719104	1.446224201	1	-1	0
68.25381115	101.3298544	5.125378574	0.8725558449	-1	1	0
87.38025957	27.32383912	357.3156637	1.143644269	1	1	0
18.91549684	68.43301721	146.7731698	1.04818838	1	1	0
22.59120642	84.63769892	85.55033301	1.046627623	1	-1	0
76.42490193	86.43943582	37.35326557	1.165125931	-1	-1	0
114.8683689	10.93861794	320.8574766	1.089257009	1	-1	0
64.3921527	78.6555859	342.4649943	0.05060865007	-1	1	0
20.67505695	76.64670732	23.47809276	1.324651837	-1	1	0
64.79876669	63.71604542	346.1703844	0.4263303522	-1	1	0
85.16694751	100.1948188	242.3513858	0.2213255107	1	1	0
89.83579049	49.34963297	222.3003127	0.4196230586	1	-1	0
10.42440647	96.00376442	215.9473159	1.132545241	1	-1	0
4.224907379	71.52659104	147.2855295	1.22874822	1	1	0
97.46403357	13.34291468	252.2534964	0.7962436912	-1	1	0
103.8111405	43.0765248	258.9221628	1.348041489	-1	-1	0
108.2032535	66.16289726	152.9619295	1.139267149	1	1	0
9.159357504	57.00814921	123.8440097	0.3943896012	1	-1	0
100.9449159	20.89581808	336.2565787	0.6221687476	1	-1	0
19.08191819	18.52700816	134.7793371	0.1576756572	1	1	0
112.8983232	2.670113388	316.7588133	1.182447865	1	-1	0
18.72905259	98.29106578	210.1887897	1.103493504	1	-1	0
26.93728567	70.25081769	285.1894306	1.048087678	-1	-1	0
2.398113899	63.07163737	135.104879	1.326039825	1	1	0
78.98627406	27.27711807	156.3188703	0.7705137435	-1	-1	0
116.8304449	18.95206727	146.7852183	1.278499214	-1	1	0
109.8816734	106.2465693	171.5782937	1.464674235	-1	1	0
62.07270462	26.56274554	314.7680661	1.322674364	1	-1	0
47.10175961	92.00406208	85.04001088	1.280810799	1	-1	0
89.09034811	13.24608207	209.6367249	0.5173900796	1	-1	0
102.6013197	112.7442055	162.5465224	1.371779341	-1	1	0
68.63692523	4.523662207	184.3238724	1.144890256	1	-1	0
76.78359265	71.53556143	112.2496215	0.5191054919	-1	1	0
48.6982655	33.42425765	239.334794	0.7648100612	1	1	0
76.93511765	100.7421652	349.1132506	1.059541833	-1	1	0
12.32851947	73.73813867	30.19704677	0.02304387927	-1	-1	0
104.307644	28.65119172	138.1783271	0.4039333415	-1	-1	0
64.01568612	93.4206878	350.7191289	0.6843784048	-1	1	0
59.60135723	86.15657617	337.7117002	0.3299530069	1	-1	0
38.95800468	48.12114327	274.2463226	0.2028495735	1	1	0
20.39027396	106.952777	174.1196558	0.3540269585	-1	-1	0
35.38541253	40.7397994	258.9442071	0.2060679271	-1	-1	0
24.90893091	53.95551819	303.2326029	1.139215628	-1	-1	0
60.51589428	55.94038722	332.4362237	0.519355307	-1	1	0
113.3141921	91.69982856	205.8509239	1.22683055	1	-1	0
31.01493386	86.36099277	167.6313428	0.1439657585	-1	-1	0
40.89301134	97.39218867	248.0436715	0.07022630221	-1	1	0
95.24253321	109.2267542	204.3537559	1.185426412	1	-1	0
108.1730724	36.07018381	30.95856277	1.142460094	1	1	0
70.84408773	27.20945761	250.2187455	0.9568394415	1	1	0
96.02535603	28.19205741	12.58119519	1.428285505	1	1	0
58.25909008	19.14511931	8.840177664	0.1156838114	-1	1	0
43.96157891	40.88050949	256.6453725	0.5771247446	1	1	0
14.0310365	112.8580432	187.1747247	0.3451679982	-1	-1	0
82.63158291	34.73266768	14.94344392	0.9574171531	1	1	0
15.36058003	1.000693297	233.7953906	0.7167164138	1	1	0
92.45275213	20.67015111	236.5917571	0.610521665	-1	1	0
47.30082207	48.65671369	217.8526693	0.1005307933	-1	1	0
40.244537	33.52320744	272.2697948	0.3927400334	-1	-1	0
6.14674821	110.4287908	109.1253116	0.6253755253	1	1	0
106.5945661	8.921213613	268.7022131	0.5308863293	-1	1	0
56.1883778	63.37025811	340.3320209	0.5194498336	-1	1	0
99.6462873	95.62960003	79.66261606	0.9062597028	1	-1	0
55.92141452	48.45296988	352.5276287	0.007407458097	1	-1	0
26.52240866	101.0666219	147.6056472	1.471563252	-1	1	0
16.40591379	90.10479232	146.1504446	1.136870446	-1	1	0
24.83605373	92.62826911	162.1401688	1.345727697	-1	1	0
118.1785185	108.0935256	266.5596626	0.06665818212	-1	1	0
85.7779063	56.69176398	110.9112047	0.6083231191	-1	1	0
0.9916389872	4.503729201	164.2039289	1.371534207	-1	1	0
82.00682905	107.8705887	286.40024	1.340353613	-1	-1	0
