120	120
16.17171431	70.98683427	312.269305	1.375693023	1	-1	0
77.20359762	38.1583349	248.388931	0.185446245	-1	-1	0
88.29378002	29.47978986	121.0290171	0.4551924804	-1	-1	0
85.7479356	82.86801922	0.08173985662	0.5845650845	1	1	0
80.80931275	0.3938039449	348.9748294	0.215691027	-1	-1	0
113.3980496	45.52973468	90.30694977	1.21102379	-1	1	0
91.6438014	88.99083725	215.093194	0.1171950515	-1	1	0
68.55707597	86.8080981	12.30212785	0.405686773	1	1	0
5.825983112	80.69703078	330.5637855	0.1666683035	1	-1	0
10.71514934	64.46955064	311.72265	1.281325551	1	-1	0
59.7601553	88.74310193	78.64576242	0.9571190736	1	-1	0
4.732429619	35.53169169	318.2088859	1.376248894	1	-1	0
65.7140827	94.94904932	81.05671245	0.86267866	1	-1	0
65.17838877	72.66394764	78.90063104	0.5942988737	1	-1	0
35.72760645	119.9295668	25.99510416	0.7394149701	-1	-1	0
94.56766622	80.56754774	23.27847483	1.327895978	-1	-1	0
60.23226982	111.1672695	108.4808905	1.422741818	-1	1	0
62.64313935	13.75512785	126.3132383	0.3031383495	-1	-1	0
62.752121	102.8095573	98.64533904	1.421373887	-1	1	0
79.38814801	77.1047234	236.1129293	0.03967652769	-1	-1	0
54.45952551	105.0870552	85.05137083	0.4879352438	1	-1	0
61.58210861	59.10250174	313.0910038	0.4076788734	1	-1	0
45.50426053	107.8300152	102.213458	0.4631720862	-1	1	0
41.85879213	71.09358553	182.8247485	0.7074742317	-1	1	0
96.8148832	49.59116497	321.3095731	1.11919366	1	-1	0
66.40244066	117.0139467	72.62299441	1.146747725	1	-1	0
89.061172	119.1030053	38.67631781	0.2307777879	1	1	0
62.61847771	80.7364752	92.63894586	0.6858201744	-1	1	0
112.9383719	23.5060055	7.661933697	1.287007186	-1	-1	0
105.3848816	47.88770284	334.4728842	1.118055575	1	-1	0
2.009819675	66.32082823	331.319312	0.816894249	1	-1	0
37.15767816	86.87140419	328.1243406	0.8895738428	1	-1	0
16.06013076	100.4739242	331.0653097	0.07189248861	1	-1	0
98.64473986	18.59991128	223.7367737	1.381646181	1	1	0
88.83070789	96.67672967	319.1325186	0.3052178653	1	-1	0
59.02009726	66.94538235	215.0717297	0.4997712513	-1	1	0
70.52475868	11.69004871	251.3156303	0.2129359507	1	1	0
86.1529668	104.4799628	137.9113627	1.054790282	-1	-1	0
1.814822841	43.93802951	254.1589841	1.116513735	1	1	0
44.45552219	63.26705919	348.4308175	0.3342021775	1	-1	0
56.94766363	7.625939221	194.1026352	1.477830012	1	-1	0
53.0340293	61.193095	332.9360689	0.3145147883	1	-1	0
42.44507077	4.804952184	65.97234702	0.08741451612	1	-1	0
3.487006276	88.561066	200.4874862	0.3609331086	-1	1	0
102.4609766	33.25998285	120.5259468	1.003892067	-1	-1	0
9.407646193	94.86727082	347.6959018	0.08207992463	1	-1	0
55.75482857	53.26254283	93.06382668	0.687015803	-1	1	0
85.82348359	59.94345224	194.0753113	0.09099044275	1	-1	0
74.04247088	93.18771414	135.0441969	1.05841768	-1	-1	0
99.68818352	41.8221462	216.3330903	1.282855546	-1	1	0
64.84508619	5.235139001	187.1551358	0.02649577417	-1	1	0
13.00036204	11.05060036	225.4239224	1.186826712	1	1	0
51.89658818	113.2926136	79.81774992	0.2765886955	1	-1	0
68.63008391	109.1220389	95.69918683	1.426787922	-1	1	0
10.97401519	19.22793121	130.0258744	0.06839716554	-1	-1	0
83.47766379	112.4303614	19.61496223	0.3093246791	1	1	0
119.0274453	29.57920787	89.21802848	1.187727883	-1	1	0
110.4831795	31.21632821	253.6984295	1.187444979	1	1	0
34.79973657	8.70496556	9.725876605	0.7419035878	-1	-1	0
71.18733402	78.675834	6.003376083	0.3171047194	1	1	0
116.8095926	60.0446525	85.26795887	1.002272217	-1	1	0
77.62485448	106.6505208	118.1648978	0.5891879302	-1	-1	0
7.472926308	27.10514135	125.9484585	0.1615116978	-1	-1	0
119.3796348	74.66500653	318.1114383	0.3663961286	1	-1	0
77.10365184	85.051376	17.98870783	0.4041161722	1	1	0
50.45651616	69.00360385	199.27481	0.5226526835	-1	1	0
72.8426167	2.97700762	91.21749166	1.239834265	1	-1	0
94.46868514	103.3013868	254.9274575	0.02554168068	1	1	0
99.90479911	86.98930034	344.3876677	1.421184206	1	1	0
20.61102854	7.494667491	129.4123843	0.8183759466	-1	-1	0
94.19624787	35.25260537	14.36504904	0.1731631312	1	1	0
82.47516791	45.110307	261.4240014	0.09160330939	-1	-1	0
56.56273817	74.91528102	97.09329525	0.3126319937	1	-1	0
14.19346047	2.231126521	208.9661953	1.190804319	1	1	0
102.5871142	78.60943368	351.3986759	1.42699389	1	1	0
117.0435011	83.21978022	335.5189106	0.1734284213	1	-1	0
45.2371803	84.57360023	314.7612038	1.354668349	-1	1	0
13.87311792	78.85893327	317.1400348	0.2637620785	-1	1	0
54.54653136	15.99259995	179.4440473	1.385769244	1	-1	0
105.8909082	93.30075808	327.9192441	0.3026961362	1	-1	0
80.10511094	54.20685242	211.090039	0.1843055415	-1	1	0
5.23975289	58.34412141	97.20042025	0.9092584993	-1	1	0
48.89818296	10.02486735	328.938523	0.1771784538	-1	1	0
20.45084567	84.54732154	75.75514719	1.469119167	1	-1	0
13.73999256	56.47400965	309.0614655	1.467463902	1	-1	0
100.0550067	110.1138383	270.864729	0.1147084343	1	1	0
113.9484123	91.05988013	96.50504134	0.5817322789	-1	1	0
28.72500268	82.61061711	312.7809458	0.2589540762	-1	1	0
97.63891545	72.19166036	16.52768871	1.146448576	-1	-1	0
110.91623	53.92031171	76.48208355	1.095052411	-1	1	0
115.4918774	15.55364423	8.878012305	0.1761827456	1	1	0
112.8500308	1.439332623	21.99008147	1.463378996	-1	-1	0
48.55428564	98.97244435	79.90586168	0.6932222887	1	-1	0
85.51851534	37.34204639	80.39474903	0.8278755547	1	-1	0
108.4554808	84.89608465	318.2205399	0.215704236	1	-1	0
113.8629076	68.36722691	19.79432437	1.385200156	-1	-1	0
107.0015074	17.08854953	17.00153715	1.197197355	-1	-1	0
9.852844465	42.07993371	200.4798191	0.2659759909	-1	1	0
12.93953448	33.87181665	138.8456285	0.2646801915	-1	-1	0
7.622183307	72.5934914	252.1819031	0.7255025723	-1	-1	0
107.8740303	39.53875586	319.453554	1.376450092	1	-1	0
15.92020939	48.42621855	213.1673704	0.4516459445	-1	1	0
4.165733792	13.65236638	14.08603344	1.276853431	-1	-1	0
51.07486057	90.54023886	94.62996382	0.8844511021	1	-1	0
118.4129962	7.464743753	18.1092118	0.2527621051	1	1	0
21.98674202	54.87231691	227.636765	0.5381541187	-1	1	0
37.60585931	111.4778039	305.5964481	0.1830977797	1	-1	0
15.86904092	26.1776322	126.8447477	0.4410638884	1	1	0
23.9126089	46.75135326	78.20962227	0.350149637	1	-1	0
43.88540134	116.6727328	89.53545993	0.3702095885	-1	1	0
71.57457931	101.3606834	9.992196891	0.5061065115	1	1	0
102.4661618	55.76879538	89.36857607	0.9249473647	-1	1	0
30.56160918	74.51620758	204.7639807	0.8002885146	1	-1	0
75.988295	61.87119353	78.08507	0.8371325424	1	-1	0
22.39385126	76.47787079	251.6489421	0.5391238728	-1	-1	0
19.57960528	16.26958918	110.4625774	0.6282021194	-1	-1	0
37.59531832	78.7068965	172.0099878	0.8961179675	-1	1	0
27.29369346	12.24746081	345.4637464	1.021175623	1	1	0
88.12940282	51.31535476	309.9862968	1.208845787	1	-1	0
119.4095909	51.75034238	6.180976759	1.289187554	-1	-1	0
56.78863863	96.60322323	99.70474306	1.421212876	-1	1	0
103.0154775	101.8267988	258.09339	0.0218033317	1	1	0
53.88121502	82.66645014	74.07685168	0.2156910704	-1	1	0
50.51482858	1.667046802	80.06221727	0.09057090254	1	-1	0
21.54198212	32.57218607	101.4117241	1.288652408	-1	1	0
109.7283543	9.169844509	80.99059948	0.5315458443	1	-1	0
19.27286852	62.92664664	304.5773861	1.373736137	1	-1	0
94.01378955	57.72183786	18.42107461	1.204301673	-1	-1	0
67.87566919	64.8117438	93.10986174	1.059867801	-1	1	0
47.86403252	76.85729808	115.7999457	0.05700883743	1	-1	0
96.60877384	26.91079917	133.7041685	0.8252291718	-1	-1	0
58.35077985	119.446059	204.1819742	0.02767562158	-1	1	0
28.28967692	3.503591073	328.5317296	1.021272219	1	1	0
29.24398503	114.7463925	30.20589069	1.393686658	1	-1	0
100.3270111	63.99647466	82.00646663	0.8748342893	-1	1	0
17.97332582	40.27996042	10.86983141	0.07916569457	1	1	0
97.33137626	118.0394232	106.672193	1.332275843	-1	-1	0
116.2584346	37.51198109	253.3560498	1.187935882	1	1	0
21.63946073	118.7536725	146.5676868	0.9114061001	-1	-1	0
7.734552262	50.31178241	219.3025746	0.07836031432	1	-1	0
78.52299368	8.903534181	314.7677552	1.330470218	-1	1	0
91.74610089	111.2479192	122.9133111	1.241033387	-1	-1	0
11.9615925	86.86509739	348.679227	0.07214749163	1	-1	0
79.98102347	30.48747282	16.94799375	0.4644220141	1	1	0
104.6207189	24.92411173	240.9015501	1.288541291	1	1	0
43.04452187	92.895898	331.6506856	1.163640245	-1	1	0
105.7160805	70.41326808	0.9033179533	1.333674709	1	1	0
92.22959989	65.83044672	231.6221626	1.48408628	1	1	0
91.09069585	43.59466595	228.0158159	1.306286202	-1	1	0
73.92796998	70.52676301	13.35360054	0.4073333824	1	1	0
111.1082081	99.49593255	86.89529356	0.4874400857	-1	1	0
18.05884029	92.4951863	192.786646	0.2582306726	-1	1	0
108.4369863	61.82436397	96.41180156	0.9195827719	1	-1	0
111.1878865	77.05875387	216.2126652	0.2674826906	-1	1	0
6.563186922	5.497454686	5.423052057	1.090796714	-1	-1	0
80.16932004	98.71304872	355.9407302	1.054983144	1	1	0
97.45806086	95.18202198	351.6185039	1.420172913	1	1	0
82.89012738	90.74010993	117.8297129	0.2121064224	-1	-1	0
74.89937044	114.4886036	81.55655105	1.054360249	1	-1	0
1.514315001	21.55269313	6.098560668	0.1744708595	1	1	0
