120	120
45.39092317	92.59816468	295.1995694	0.810572798	-1	-1	0
1.692468059	20.05082588	321.9554822	0.9803625775	-1	-1	0
39.43299612	77.28002744	77.02059894	1.086879836	-1	-1	0
69.2847509	35.36690739	293.3695213	1.259250059	1	-1	0
19.15522936	66.64614789	188.9391044	0.4173051677	-1	-1	0
74.49119411	108.6778922	334.075427	0.7033986184	1	1	0
2.344187302	64.93868224	323.6948944	0.5938468317	1	-1	0
78.70662895	71.42569631	345.7542742	1.410482354	1	1	0
53.06550582	72.08718165	52.37796124	1.182266685	-1	-1	0
14.31890782	73.9140277	177.8237589	0.6017030137	-1	-1	0
78.00796183	33.57234087	278.3289093	1.166703842	1	-1	0
8.931799986	80.16282601	344.6453063	0.9743954112	1	1	0
29.61486465	15.56635204	237.7282867	0.3322617486	-1	1	0
95.35497399	118.4857375	317.6309828	0.5235687247	1	1	0
86.27256838	32.31274171	16.0756951	0.7917992137	-1	1	0
54.28944283	9.162706071	31.55617452	1.235519842	1	-1	0
74.52634301	19.34498601	340.1593887	0.2165173859	-1	1	0
88.50100227	24.00642677	38.00794012	1.429098573	1	-1	0
49.4476166	63.83829421	257.7595007	0.3191670469	-1	1	0
87.01440464	0.7786953129	332.532475	0.7059383352	1	1	0
82.57370071	17.52906245	334.8397706	0.9640348085	1	1	0
44.65442864	70.83818156	123.2732937	0.03918322057	1	1	0
13.19666567	28.38307339	277.672442	0.5029311547	-1	1	0
37.04103437	91.69224121	122.199835	1.0752221	1	1	0
37.52196873	13.40823285	322.4600136	0.8010128439	1	1	0
39.70161743	5.527211125	292.5104389	0.6178200283	-1	-1	0
32.87501945	38.1343586	295.8531702	1.006416373	1	-1	0
10.49868295	43.5392327	306.1126878	0.8695211813	1	-1	0
72.80765841	116.6514335	273.593492	0.4240069135	-1	-1	0
57.76472908	44.95823343	252.1587228	0.4216213039	-1	1	0
12.1054792	6.02812349	352.6608211	0.8868831514	-1	-1	0
51.98813819	17.24143334	134.3967358	0.8630032036	-1	1	0
49.15848831	47.0121465	269.0757604	0.4093233966	-1	1	0
66.36941027	110.6892372	259.6872006	0.4240066141	-1	-1	0
91.42233024	77.48893477	8.11858749	0.3960809102	1	1	0
74.69662125	79.9539683	38.36127883	0.7568255918	-1	-1	0
22.7335041	74.32645194	59.78752417	1.348554454	1	-1	0
76.37367611	100.5578188	22.89108562	0.5165100052	-1	-1	0
72.49598227	49.18468518	59.23988388	1.259527741	1	-1	0
56.05520993	0.9510162528	269.7430879	1.432982191	-1	1	0
3.953973242	5.317579875	61.98320899	1.166477954	1	1	0
24.97295863	60.04036268	114.2877664	1.334643179	1	1	0
65.77917943	79.58552547	53.90115624	1.127740336	-1	-1	0
64.77699195	119.1277399	169.8555589	1.341124379	1	-1	0
2.13197175	42.35608681	282.0034785	1.153013226	-1	1	0
51.28193884	86.2883973	119.0562085	1.275274977	1	1	0
21.41732016	29.84684261	311.0970888	0.6821571708	1	-1	0
109.9592648	10.77101534	64.94738495	1.283160375	1	1	0
13.07771329	51.11212168	151.1948382	0.8706921676	-1	1	0
90.54258443	15.52441222	40.8787752	0.7773350019	-1	-1	0
90.75726969	62.28859802	27.90064715	0.585070159	-1	-1	0
16.38649584	58.61350791	80.16098483	0.3108373918	1	-1	0
68.51134944	13.27399957	342.0596381	0.1234012777	-1	1	0
82.82331009	106.3019462	323.3366744	0.7052478438	1	1	0
83.32074446	78.46461704	24.1478681	0.4791664949	-1	-1	0
80.44243196	25.58819216	354.8076988	0.2196748036	-1	1	0
57.3321701	65.19194798	73.74455164	0.2960986954	1	-1	0
108.2538946	48.18114037	200.2121887	0.874168717	1	-1	0
103.6298321	68.41304162	339.9925321	0.3030812253	-1	1	0
111.0268363	55.90008637	255.2402237	1.153548004	-1	1	0
70.54043284	72.2783129	47.10720043	1.034812985	-1	-1	0
4.976017847	27.51209654	214.1097261	1.24799125	1	1	0
55.17838458	52.82204028	278.2036757	0.1117630003	1	-1	0
42.49919784	84.87293705	104.4787083	1.182304597	1	1	0
43.2296204	40.92164672	163.1628067	0.9683459138	1	1	0
74.37250347	64.28162084	29.25406103	0.9455581637	-1	-1	0
47.1448219	55.59633	253.9692358	0.4089686955	-1	1	0
89.22144373	46.724273	277.43096	0.2327103583	-1	-1	0
6.935208853	13.07814052	338.8187106	0.9802488875	-1	-1	0
18.51068865	21.41764534	292.1110564	0.503418517	-1	1	0
36.5391808	69.09687404	61.38587589	1.350832069	-1	-1	0
43.21892671	19.30613036	174.0256313	0.3376223875	-1	-1	0
99.8002796	76.39075732	323.5140435	0.1168109633	-1	1	0
31.27605675	97.73488616	43.65264083	0.6095927793	-1	-1	0
60.59788832	37.15487436	275.9530582	1.446706678	1	-1	0
87.04934507	70.43440349	8.201620299	0.1067950234	-1	-1	0
107.9000177	25.46010021	319.6376894	0.7792282824	-1	-1	0
4.864188114	50.29959383	317.7796993	0.6885908239	1	-1	0
7.604157946	58.13436248	140.7078413	0.9665435575	-1	1	0
63.73472754	50.75533736	299.1317381	0.1112556373	1	-1	0
80.8516462	114.6234549	320.0378912	0.7034734264	1	1	0
48.01058515	2.992396754	16.76063529	1.236038574	1	-1	0
29.7881416	30.54711806	153.8707929	0.8678087557	-1	1	0
35.92004995	45.64015631	153.9071361	1.159813063	-1	1	0
47.97676353	78.77042009	59.2763786	1.089077161	-1	-1	0
62.20243364	7.124525138	354.0113153	0.03005168887	-1	1	0
119.631667	34.28412846	213.5559559	1.432867867	1	1	0
86.46839958	54.95000223	349.6965184	0.9468512264	1	1	0
72.11048083	27.23653756	290.9973831	1.325299578	1	-1	0
66.03142423	65.31322976	107.7967434	1.407515564	1	1	0
49.29959561	25.04849129	37.00217311	0.7689150887	1	-1	0
69.7588724	57.01604973	111.2618895	0.5730657166	-1	1	0
15.80984955	36.62957827	214.036697	0.6817511823	1	1	0
94.7389233	54.45704597	48.06133866	0.6711271211	-1	-1	0
77.03469605	11.08115899	272.8184703	0.4945849564	-1	-1	0
5.552895336	72.70074391	192.0032326	0.8785268982	-1	-1	0
78.58211811	2.969238051	331.6569815	0.7751791211	1	1	0
113.8729576	41.47077841	185.6375733	0.9668995214	1	-1	0
27.84397775	68.04082383	153.1105471	1.350681922	-1	1	0
100.6823805	9.795340792	39.02656144	1.361642121	1	1	0
70.54302961	5.025750927	338.6821281	0.1223973747	-1	1	0
60.87889047	86.89351898	125.0767549	0.7552539872	1	1	0
7.621231025	35.61894107	210.4849816	1.434099718	-1	-1	0
54.69545285	31.25616524	15.0008586	0.2360023027	-1	1	0
33.23014794	60.88670669	129.9379211	1.062868025	-1	1	0
82.56901742	63.31210748	2.780930596	1.034453225	1	1	0
68.30627154	102.6188815	352.4959049	0.794754775	1	1	0
80.64861443	48.21800748	241.2379303	1.443656656	-1	1	0
111.4296889	33.48386627	304.0255413	0.685964063	-1	-1	0
119.2800602	57.00950273	331.6547207	0.6876187726	1	-1	0
95.364974	69.42891412	104.5399699	0.1158644533	1	-1	0
27.32628375	45.21929035	312.6614576	0.7769677789	1	-1	0
85.10899866	9.164684253	320.0159586	0.8704677253	1	1	0
34.09196964	84.02052577	60.96586002	1.074892169	-1	-1	0
116.5645829	49.11030259	270.377152	1.152791608	-1	1	0
77.80926303	88.57555429	140.071042	0.1053507776	-1	1	0
103.1440544	32.10120224	337.4958957	0.9643933969	1	1	0
82.77100646	95.16677379	279.0306433	0.01218954635	1	-1	0
88.93777328	112.760362	277.4759904	0.425685853	-1	-1	0
66.48333692	43.13796084	235.8239204	0.5157138475	-1	1	0
38.08046081	30.90359076	308.7891977	0.7067774855	1	-1	0
35.15990631	22.71610753	182.5602203	0.5204889591	-1	-1	0
51.92151047	38.99205079	257.7279121	1.446019955	1	-1	0
15.53728089	13.66824904	160.9179113	0.1332853721	1	-1	0
10.1727935	20.63846259	198.9630825	1.248521625	1	1	0
77.94092269	56.06401364	75.45461911	1.319505479	1	-1	0
66.0863641	21.5249613	273.434216	0.487376731	-1	-1	0
41.34563476	62.57581077	236.8601255	1.436049297	1	1	0
56.81078486	79.83221403	42.05491819	1.089165671	-1	-1	0
24.3542706	37.46956265	139.1052321	0.5372806268	-1	1	0
57.80713682	23.37095206	50.10590564	0.8614721375	1	-1	0
30.57990205	52.75916133	135.6586898	1.056280234	-1	1	0
18.92031902	44.39980481	77.19396366	1.149962444	-1	-1	0
61.37323351	58.40369826	122.7653699	0.4800251588	-1	1	0
93.09161808	6.575566958	153.9338869	0.05774846212	-1	-1	0
45.97167093	11.34783044	303.1244045	0.9561830381	1	1	0
25.80907486	82.11157659	57.51131432	0.8886258004	-1	-1	0
118.6288744	12.29188357	76.39709108	1.259470322	1	1	0
63.36037208	29.5398811	356.9814334	0.1417735293	-1	1	0
11.04904329	66.23016366	223.932543	0.5075490154	1	1	0
26.75059564	23.03614047	297.9771896	0.589160586	1	-1	0
69.67481169	86.68756083	115.250253	1.034571633	1	1	0
104.6349299	17.17457524	341.740458	0.7253042446	-1	-1	0
83.66450414	40.45834937	299.4316896	0.9780443304	1	-1	0
99.10288734	61.4562797	112.0520627	1.048322109	1	1	0
46.03040625	33.00245443	33.44436053	0.3295838959	-1	1	0
21.94651122	52.45023867	67.06317129	1.243223495	-1	-1	0
85.82031948	86.22191341	166.6189151	0.5716870928	1	1	0
31.26324317	7.227612012	24.56451509	1.173855158	1	-1	0
116.2239014	26.34440558	203.0632913	1.259802707	1	1	0
23.1044751	9.947391234	167.8343237	0.7025926104	-1	-1	0
105.5624956	40.19746244	40.3686531	0.8741658481	-1	1	0
19.53171316	2.672945689	5.684272102	0.8872664845	1	1	0
28.16879217	90.17336746	138.6142406	0.6093594966	1	1	0
17.63481006	81.46665078	357.5017391	0.9756899368	1	1	0
75.29325296	41.29549242	256.3702665	1.3523162	-1	1	0
113.1125178	18.61968992	333.9308646	0.8179649916	-1	-1	0
61.46695295	72.72096548	105.2088953	1.410064134	1	1	0
31.38825688	75.68402397	352.0926326	0.9846666725	1	1	0
60.46078048	15.29486411	330.0171295	0.7753314185	1	1	0
