120	120
111.4824309	88.81688825	185.5592736	0.7696887837	-1	1	0
79.62488954	107.0813025	359.0630367	0.832659245	1	-1	0
31.01852584	25.81319159	318.6979669	1.096978997	1	1	0
62.93089098	33.93428529	87.96899612	1.252035575	-1	1	0
15.77136958	48.02914678	2.671523699	0.2388219948	1	-1	0
7.508419284	48.80046383	301.5883459	0.6126517967	-1	1	0
97.71747419	81.8059113	283.8416986	0.4634808565	1	1	0
29.64839068	53.93819461	20.92020516	1.168340963	1	1	0
71.24972944	33.37773037	3.931952906	0.9737441402	1	-1	0
119.9750018	12.06764304	227.753524	0.639417435	-1	1	0
13.71917957	113.1263434	192.0470285	0.4572251388	1	-1	0
16.91778657	35.9268435	212.7796677	0.6405096205	-1	1	0
74.645959	99.7666109	17.67723325	0.5518592318	1	-1	0
75.54170026	3.3625677	331.2171078	0.9997682899	1	-1	0
24.24395502	30.97325004	196.8369992	0.6287550178	-1	1	0
108.6058047	111.4588433	8.905108526	0.1813618179	1	-1	0
99.64979644	44.06188496	253.1496931	1.352180041	-1	1	0
106.2065659	81.46327862	224.1874521	0.3972926433	-1	-1	0
104.2810897	66.62260835	61.22153411	0.5866659248	1	1	0
75.89477007	78.16662776	324.882509	0.5879107632	-1	-1	0
27.50179819	95.16658692	55.47487649	0.6131811178	-1	1	0
114.7013269	81.03298195	142.0002549	0.2111162969	1	-1	0
105.939066	13.94067116	278.7115162	0.9905185835	-1	-1	0
37.76330169	12.45809321	97.66022196	0.4317809328	-1	-1	0
8.932490983	63.82985867	304.1892337	0.4918946135	-1	1	0
38.33544651	20.84093238	334.1710147	0.9042097776	1	1	0
99.79558514	96.86851629	302.509289	0.1793432178	-1	1	0
14.59627234	10.77226286	160.817002	0.5480568905	1	-1	0
113.6217649	25.78389947	153.0523648	0.9868201577	-1	-1	0
107.4014027	58.98625802	44.22206184	1.430405802	-1	1	0
116.3684735	96.21608233	124.2181013	1.122685702	-1	-1	0
27.75003296	112.3593066	315.6468945	0.5222457846	1	-1	0
10.51497741	40.96921872	23.77972271	0.4262781591	1	-1	0
6.925556608	117.9066209	197.7687835	0.7414251797	-1	1	0
106.1247093	22.22157773	137.3690737	0.2460434714	1	-1	0
92.1917567	40.30789344	117.7705658	0.8858686327	1	-1	0
24.2665862	47.5380858	197.2870332	0.1450766284	-1	1	0
1.098215964	29.45163528	22.2414275	1.258330924	1	-1	0
14.15272262	1.884900851	174.8303442	0.547580185	1	-1	0
62.35428083	19.0000477	104.7902476	0.05878854009	-1	-1	0
23.39193018	22.29013444	319.0651062	1.094381483	1	1	0
29.33522884	0.9108265808	335.5029093	0.5246863211	-1	-1	0
75.53922582	25.73459651	18.78757926	0.8891078286	1	-1	0
112.4981687	103.6470596	350.9264864	0.1805808528	1	-1	0
12.69558395	55.84580875	240.3201541	0.7988731875	-1	-1	0
13.28514266	104.3158588	207.3943977	0.5179870744	1	-1	0
91.30603115	6.539979884	64.68668593	0.8346929262	-1	-1	0
94.7074664	89.75364219	287.4050805	0.1840648497	-1	1	0
87.41734921	68.48035257	205.7130844	0.494022071	-1	-1	0
8.060724098	87.41748548	100.2887947	1.325726954	-1	-1	0
109.5449824	73.67099766	125.1409742	0.8713022159	1	-1	0
91.99870255	23.57907704	37.91460473	1.076439155	1	1	0
83.55246089	40.32870296	122.7127238	1.160018794	1	-1	0
1.071269563	102.9903435	30.58343434	1.39121505	1	1	0
98.47783742	10.30493569	35.71744784	1.176911838	1	1	0
69.37689486	93.33380143	103.7596478	1.110676602	-1	-1	0
11.22606659	78.77923433	226.1786037	0.9331451511	-1	-1	0
85.25262471	53.80347466	78.70443999	0.7732349276	1	1	0
20.91025092	54.97752281	347.2724287	0.05092524657	1	-1	0
73.67847978	63.04989747	131.5721621	1.145621688	1	-1	0
100.3120923	111.7458575	302.0168537	0.1808219179	-1	1	0
110.3531388	50.16769647	193.6943634	1.169777832	-1	-1	0
22.17019031	5.481574827	110.4528585	0.445180476	1	1	0
84.05448473	25.88468523	331.6972358	0.5165510102	-1	-1	0
90.93635366	14.84084399	20.58021055	1.116990785	1	1	0
86.41895016	91.45340158	242.6296539	1.488684358	1	-1	0
36.45443117	115.6339555	102.8525673	0.7098371321	1	1	0
93.64016951	53.17235052	62.6355038	0.1302958894	-1	-1	0
77.99714272	92.06332924	88.69803893	1.205259521	-1	-1	0
6.534540443	108.9705893	107.6725741	1.202395707	-1	-1	0
90.45419902	60.84568422	62.54332631	0.680173035	1	1	0
79.85647261	18.21816189	22.90708889	0.8141266579	1	-1	0
102.9872012	89.16770203	20.47765213	0.02379105321	1	-1	0
53.68222506	19.72517993	97.02930069	0.1533428441	-1	-1	0
0.9836547726	20.95240674	137.1638865	0.9212731173	-1	-1	0
78.97903743	69.50232451	198.5977994	0.5877363214	-1	-1	0
71.48113254	107.5232485	308.3115992	1.0144754	-1	1	0
113.4728738	17.38503076	173.632282	1.455736953	1	1	0
99.47908269	27.34540764	278.3612933	0.9870932011	-1	-1	0
104.5095414	104.0683224	317.9947039	0.1792972948	-1	1	0
114.5870247	34.49291004	215.2524746	0.8890655945	-1	1	0
24.41638904	39.27156408	296.0383077	0.3531575767	1	-1	0
19.9935047	99.64135337	38.21177177	0.7062743649	-1	1	0
4.444032612	56.73570999	129.1432219	0.05378495827	1	-1	0
92.590526	75.43922603	223.3135432	0.4022338835	-1	-1	0
15.79348357	19.05585629	131.0435769	0.9257387032	-1	-1	0
45.64465144	16.14156728	110.1656343	0.2461422451	-1	-1	0
70.79272599	18.68276877	12.07338591	0.888382303	1	-1	0
112.7187849	65.91816406	159.2339047	0.03260463556	-1	1	0
76.75634525	114.9356461	322.0612082	1.186267267	-1	1	0
17.22670034	62.85949614	22.32721968	1.171648656	1	1	0
29.95716075	9.36046139	98.63885412	0.631255304	1	1	0
30.57875669	17.5245469	116.9598776	0.5397253706	-1	-1	0
95.69463659	67.87607117	45.8242491	0.5871075861	1	1	0
70.80076559	71.48971271	38.39800119	0.8660504326	1	1	0
22.67116349	13.56606838	109.4657158	0.6312863511	-1	-1	0
20.56814684	108.4201766	56.46548211	0.7093458643	-1	1	0
107.9011437	96.34579602	4.310467112	0.1193929897	1	-1	0
107.0449437	30.91106265	151.9294943	0.427962599	1	-1	0
58.85861773	26.59289252	241.9826091	0.9717680435	1	-1	0
36.94716903	4.219791481	114.4944444	0.7108070722	1	1	0
7.778789495	15.68094572	147.1139108	1.014165395	-1	-1	0
46.05408972	24.63139494	115.1869568	0.1569563274	-1	-1	0
14.49820773	70.63655248	240.3749398	0.8533146218	-1	-1	0
31.93871772	42.95452545	359.1458969	1.470647665	-1	-1	0
55.4566521	87.51774688	106.1019244	0.8439525471	-1	-1	0
16.08991888	85.75016728	183.2678671	0.001898660636	1	1	0
66.03955119	101.0423848	2.840366722	0.3650333983	1	-1	0
91.21087196	98.0459576	282.9230335	0.08516659022	-1	1	0
16.18399113	27.44382343	129.1131234	0.9226026206	-1	-1	0
81.03675232	84.48981926	180.8898349	0.960395348	1	1	0
21.01796962	117.2141268	73.20960089	0.8176189881	-1	1	0
3.172507035	80.31215806	158.4848206	1.328557366	1	1	0
102.0407608	52.53087795	267.4529026	0.5027687879	1	-1	0
84.30957628	76.39184117	165.4382839	0.8674803734	1	1	0
112.5232416	8.671266035	135.4903074	0.3406941636	1	-1	0
7.367931528	6.795644703	212.817462	0.7342051878	-1	1	0
88.07422711	106.3235801	198.710122	1.39142914	-1	1	0
34.69986724	107.4826397	101.845879	0.9891966261	-1	-1	0
2.204727541	38.55387853	139.2069499	1.167891425	-1	-1	0
31.87617341	34.49609002	332.7385442	1.3744947	1	1	0
99.67258847	35.67161535	136.9896628	0.5205339283	1	-1	0
44.79458051	8.035435375	101.9183722	0.6176017862	1	1	0
82.92674545	99.43409354	187.7091029	1.391413892	-1	1	0
85.00819275	114.0242176	339.7729511	1.018817508	1	-1	0
34.77277428	99.11025672	317.4924028	0.3356001845	1	-1	0
25.97710522	61.92626364	351.9052926	0.05101040389	1	-1	0
5.146208365	95.69240397	112.3878116	1.215899866	-1	-1	0
98.83247949	60.29403085	79.62355299	0.1300980967	-1	-1	0
75.19035082	40.79386547	70.01671477	0.04141020581	-1	1	0
115.3991064	57.7261203	251.8981195	1.432151008	1	-1	0
13.21726167	94.17471621	169.6502666	0.005278696352	1	1	0
98.53195653	18.64579119	293.4758598	0.8959592448	-1	-1	0
114.6156401	42.99281469	306.6807814	1.44881784	1	1	0
8.805246761	32.77023726	229.2513097	0.7342931686	-1	1	0
89.15064524	83.3215699	206.9650607	0.5880626134	-1	-1	0
101.2156204	74.2539403	206.9017286	0.3589458888	-1	-1	0
60.76453382	94.5655359	120.4774431	0.9429892539	-1	-1	0
83.47369938	10.77149951	162.9072276	0.8346826762	-1	1	0
74.60641347	11.53328728	177.5316325	1.000336542	-1	1	0
92.00517145	32.07916555	12.96103768	0.7999440103	-1	1	0
107.2856726	39.32234174	153.6050333	1.355470119	-1	-1	0
119.7777881	88.53907382	125.0860081	0.3954588289	1	-1	0
79.56567393	33.22035443	53.7134909	0.04250770519	-1	1	0
96.27119375	104.4985849	235.9062659	1.29831848	1	-1	0
116.941403	110.4196409	76.7302718	0.3676767391	-1	1	0
38.45969589	29.490041	357.7445713	1.097084048	-1	-1	0
63.76238008	86.95154239	147.5018317	1.030227423	1	1	0
118.0258158	73.10111771	178.5416064	0.2945368184	-1	1	0
104.9105799	5.240447062	293.2598344	0.9906982248	-1	-1	0
119.0532132	50.16275676	211.7832921	0.9851808194	-1	-1	0
6.255296178	72.00354814	121.5912454	0.1082402088	1	-1	0
72.42200869	85.70479996	164.7636353	0.9604087277	1	1	0
8.494024803	24.32053356	320.1551571	0.4549782295	1	1	0
67.15380427	26.30329981	70.84326399	1.251048299	-1	1	0
82.12910654	61.45470582	189.8313838	0.4937859499	-1	-1	0
27.30365097	103.5703923	333.3504989	0.4302940542	1	-1	0
83.99081243	2.513921243	335.66789	1.111842445	1	-1	0
67.2189033	79.30867428	340.8985811	0.6567764654	-1	-1	0
0.7603898862	64.94752278	140.2042928	0.03524679205	1	-1	0
