120	120
0.05564462115	56.34277901	284.9815027	0.8326831411	1	1	0
114.7491685	71.38327892	280.5967566	0.4491272109	-1	-1	0
85.22871584	15.88019523	67.49451803	1.199763949	1	1	0
2.584144137	112.8481722	291.9633486	0.5990814452	1	1	0
33.67760918	16.81338527	125.1313371	0.1974034909	-1	1	0
0.3498234132	47.84796471	307.9895721	1.39140099	-1	-1	0
42.99132215	77.11036538	135.5519136	0.5883162517	-1	1	0
14.98515884	57.86353854	163.3188704	0.2737605074	-1	1	0
71.13895411	6.633458168	107.4501968	0.7355559625	-1	1	0
113.82848	34.304316	55.49096427	1.304619846	-1	-1	0
103.9100322	84.44151914	81.89711293	1.287761002	1	-1	0
66.20626075	65.5370627	15.46864783	0.5013177815	1	-1	0
75.04715838	44.49134506	290.8424094	0.7776183423	1	1	0
6.650865672	81.24754023	284.54098	0.2637769721	-1	-1	0
46.52841637	34.42966116	142.2763166	0.3976238591	-1	1	0
86.25724481	7.640871378	108.82648	0.7341513392	-1	1	0
84.83341065	24.52147561	80.23424933	1.296661337	1	1	0
69.94240876	23.68764431	123.1331309	0.4707078013	-1	1	0
15.78309358	94.06896026	177.5903954	1.194763057	-1	-1	0
21.5206018	62.90776167	251.7285311	1.128375482	1	1	0
28.34667363	67.72257879	82.21468284	0.8437107797	-1	-1	0
65.32325543	74.09157969	307.0315832	0.2219268717	1	1	0
93.32407337	12.36098981	160.788332	1.042857065	1	-1	0
54.26759608	105.594889	237.5460061	0.5107693638	-1	1	0
47.35883095	109.9885468	12.54508906	0.32434909	1	-1	0
17.09016866	102.5691458	116.3300192	0.5108453425	1	-1	0
7.638321666	52.70502848	64.61760034	0.08764576429	-1	-1	0
18.09592122	119.9340233	250.1425997	0.1385228767	-1	1	0
31.15116438	93.11292551	198.9796858	0.9754764026	-1	-1	0
92.68358705	28.90004687	315.1557852	0.2949935995	1	1	0
74.52671132	53.07670922	304.5654257	0.6843894055	1	1	0
13.94606856	66.98030577	333.6665271	1.40885385	1	-1	0
87.43008202	79.23794202	300.5784436	0.4113944065	1	1	0
108.0693519	20.98487158	21.55678872	1.130678197	-1	1	0
94.03933791	3.991584229	78.5150435	0.4893298442	1	1	0
109.1529593	11.78663977	293.9001301	0.4860053125	1	1	0
7.880366596	90.39584951	241.0129474	0.8223320332	-1	1	0
57.52167675	77.93993853	291.5247709	0.1280831194	1	1	0
3.127316291	73.10308774	331.4148635	1.380614491	1	-1	0
92.13003679	20.66718676	268.1416352	1.127365392	-1	-1	0
0.3228386541	87.21386087	117.8420572	0.2633655649	1	-1	0
62.99448897	18.28711174	63.88050937	0.8440660264	-1	-1	0
81.87864813	49.25869564	41.48048031	0.4000774934	-1	-1	0
39.0795313	105.5311665	36.67366297	1.16388375	1	1	0
20.76203827	71.77680142	76.63636326	0.7588835604	-1	-1	0
83.123686	40.99759254	307.6060282	0.8328613156	1	1	0
17.67882418	111.3567918	129.4401095	0.5112123269	1	-1	0
90.10904712	46.014016	318.5595827	0.7547907274	1	1	0
3.089839941	1.481419915	3.470957224	0.9716055064	1	-1	0
66.58385322	56.74836505	5.651291109	0.6836961397	1	-1	0
1.31927747	30.72944556	198.4166149	0.003299851929	1	1	0
80.36688571	74.24132105	289.2891879	0.3165215856	1	1	0
25.94693835	3.128857706	271.8170709	0.9815316124	1	1	0
48.21250677	25.78827652	132.0118165	0.2990155553	-1	1	0
72.95099529	70.03173367	6.679865161	0.5041575399	-1	1	0
7.459342285	61.18105846	347.2560593	1.3916954	1	-1	0
23.33829339	45.60268448	266.6487603	1.39869151	1	1	0
101.4964678	8.070936698	357.4641935	1.229481916	-1	1	0
29.26783679	59.25067197	254.6527968	1.221493753	1	1	0
106.4571021	29.63598904	28.52639265	0.852420262	1	-1	0
14.29190099	85.39019369	358.0219027	0.8266000218	1	-1	0
109.7288362	77.89383993	19.91535744	0.8227073981	1	1	0
60.30100292	44.1347972	26.01760035	0.3076614653	1	-1	0
26.29451233	20.72930858	17.00042252	1.315499516	1	-1	0
38.53031247	89.09982801	147.0725499	1.440961907	1	1	0
15.32214625	49.4404286	151.3340321	0.001826377406	1	1	0
112.059167	86.01629014	356.9901074	0.2634828652	-1	1	0
13.8075205	76.30591314	262.8901764	0.8524859326	1	1	0
98.25805959	42.43402269	315.5763074	0.6616191095	1	1	0
5.164567163	19.06987156	281.6314461	0.6707964682	1	1	0
35.54356621	72.61357003	150.3712962	0.5712304882	-1	1	0
36.19555425	64.08875608	157.8873138	0.5710910605	-1	1	0
67.55385279	48.50501855	142.1087039	1.242111479	-1	1	0
31.30976672	101.442349	21.88525771	1.164573701	1	1	0
37.48219855	46.75806208	144.4806686	0.741863532	1	1	0
108.916585	3.25893277	11.1725879	1.136382225	-1	1	0
78.82506595	3.24485676	162.2100835	0.48805049	1	-1	0
101.5028592	76.61310635	18.8491038	1.474094044	-1	1	0
79.74243939	114.8950385	347.124277	0.9536860977	-1	1	0
68.81391319	31.80962215	28.15651422	0.1886639439	1	-1	0
38.66523071	97.44176028	182.0787989	0.9754188314	-1	-1	0
115.3803776	117.8988909	7.339766738	0.9710387468	1	-1	0
55.53715437	21.75653112	290.1696331	1.12178745	1	1	0
19.3745474	16.23246005	148.990923	1.312851593	-1	1	0
16.47001815	32.57832344	260.5615344	0.5525811189	-1	1	0
72.702816	78.4095389	304.6940421	0.2221931049	1	1	0
43.18679874	68.62064481	5.393042931	0.3835853257	1	-1	0
59.25062134	52.46837054	265.2980318	0.6780014539	-1	1	0
99.98239496	24.64040477	2.674656161	0.9444360968	-1	1	0
24.32751734	28.61659154	245.6651728	0.2731101297	-1	1	0
15.87233727	40.7573223	244.1444378	0.2819478171	1	-1	0
11.55427628	13.23919148	350.113292	1.043094048	1	-1	0
30.75765564	41.92750046	188.6897893	0.4623556124	-1	-1	0
45.07220603	42.95695331	147.2682974	0.4003024537	-1	1	0
0.6377730018	39.55725291	181.9132026	0.000921407247	1	1	0
79.74554445	82.56840774	161.5630303	0.03589673364	-1	-1	0
40.13242615	113.7601365	246.7126973	0.325685451	-1	1	0
23.71005471	97.42480403	186.9076416	1.067113273	-1	-1	0
38.30028789	38.00876296	235.152882	1.207506314	1	-1	0
44.41962165	51.53240913	154.6605993	0.4932865904	-1	1	0
101.4172297	119.5712427	61.60272228	0.3928645293	1	1	0
77.83628032	20.05432962	105.8292811	0.5638694845	-1	1	0
78.39821993	11.43418869	42.96723813	1.013722184	-1	-1	0
61.30429442	35.97118781	123.0062305	0.562554272	-1	1	0
51.55828659	56.10906122	28.64878815	1.424796966	1	1	0
33.51093898	25.22058787	8.145724401	1.231467398	1	-1	0
11.04193365	4.481210593	353.1929072	1.06596299	1	-1	0
87.11308789	110.6616839	163.129172	0.5799268931	1	-1	0
53.33113806	39.60862124	137.9926198	0.4909103676	-1	1	0
8.595778548	35.80038305	181.7336679	4.178774726e-05	1	1	0
8.02169444	44.52597609	166.7558848	0.00212462514	1	1	0
73.4324697	61.25433714	15.34209649	0.5016356028	-1	1	0
117.9364846	79.47722852	341.949286	0.1709476429	-1	1	0
9.103288655	98.99543545	53.5856615	0.1395854965	1	1	0
59.05518955	60.90639972	11.08288212	0.4916012062	1	-1	0
84.40906842	32.76065238	150.0812658	0.7397314129	-1	-1	0
54.41126603	31.16774906	265.8743631	0.1900803866	1	-1	0
108.0156432	114.5269103	355.6076857	1.134105774	-1	1	0
31.61748212	33.17866125	253.3444782	0.08834987067	-1	1	0
9.258944068	27.42496154	246.31263	0.6539617173	-1	1	0
51.2089025	64.77362795	301.8449837	0.1157313838	1	1	0
25.05343851	114.8790228	236.5384789	0.4184466044	-1	1	0
21.13799636	80.50905837	137.2067621	0.4795141029	-1	1	0
99.2143958	34.08632438	26.53091879	0.01553442439	-1	-1	0
10.19663053	107.323892	156.3230782	0.04617612369	-1	-1	0
16.92565351	24.23889155	22.44964162	0.5681001009	1	-1	0
22.47175882	54.15893117	259.8167588	1.314896185	1	1	0
81.50185351	57.94953642	294.6907072	0.6878783443	1	1	0
86.67087367	119.3509556	98.28203266	0.3031947133	1	1	0
41.18191429	21.01131793	274.2304605	0.858815871	1	1	0
3.937884891	10.14436847	9.192636428	0.9503489089	-1	1	0
46.35570179	101.7484802	170.6102465	0.8833286353	-1	-1	0
61.77543713	27.23141716	57.01274811	0.8424268669	-1	-1	0
50.44313845	73.23894805	296.5486618	0.1157764474	1	1	0
26.79851228	11.9927872	0.02156792037	1.314681314	1	-1	0
18.81841461	8.152404293	337.996177	1.168344321	1	-1	0
10.21367545	116.0198373	155.5738224	0.2316568237	-1	-1	0
44.11468168	60.36875391	141.8956288	0.584082835	-1	1	0
32.96151726	118.5075478	172.4452654	0.697122008	-1	-1	0
71.07118792	15.33331806	280.911465	0.2845283434	1	-1	0
100.9959399	16.4575053	144.8576374	0.9495884562	1	-1	0
58.34992029	69.38405153	63.90966226	1.423188448	-1	-1	0
37.21680241	55.7521874	242.7709128	0.3036018621	1	-1	0
30.30005921	50.81585558	202.8782621	0.6790399505	-1	-1	0
80.69333189	66.06316959	301.7375182	0.6900807462	-1	-1	0
24.3865822	106.1993725	251.4441912	0.6045861355	-1	1	0
28.16473461	76.15361599	114.2333888	0.3781852872	1	-1	0
91.27277195	37.41726439	324.1568075	0.6615676546	1	1	0
76.96479561	28.25892881	65.57807402	1.20295921	1	1	0
0.3560203172	64.8614047	271.6117225	1.482991143	-1	1	0
100.555242	110.7898822	78.60545729	0.3928901814	1	1	0
52.26221284	47.63812013	11.65357451	0.30740496	1	-1	0
35.66860268	80.91068749	125.6712729	0.3089818347	1	-1	0
93.97178427	115.6786608	252.4429725	0.114299481	-1	-1	0
116.3667568	6.74315864	355.2210541	0.8787784181	1	-1	0
31.87313051	110.2246246	34.28080273	1.162767337	1	1	0
23.78953822	36.89975091	280.7245652	1.297368875	1	1	0
117.2504416	15.45712998	289.2595714	0.5776967179	1	1	0
106.3864244	38.41117424	296.1062577	0.4812022689	1	1	0
76.31760321	36.34779252	166.8526672	0.74043053	-1	-1	0
