120	120
81.04421982	28.20384402	239.8068226	1.4720329	-1	-1	0
67.35297002	22.09186607	143.0014269	1.067675307	1	-1	0
24.39872514	86.67157099	222.7337023	0.765337671	-1	-1	0
19.81534689	79.68782554	40.57296937	1.254897934	1	1	0
28.0107786	78.70751417	207.65369	0.9517174902	-1	-1	0
58.95552782	60.11140919	301.0009129	0.3269515621	-1	1	0
11.66395438	80.90692668	346.6224877	1.24652258	-1	-1	0
75.13470511	111.201966	164.6056673	0.7962764877	1	-1	0
33.66244544	25.1556214	305.198211	1.161186618	1	1	0
7.634311187	27.31863138	203.1244329	0.682984952	-1	-1	0
108.2150148	114.2448685	168.3941575	1.337726892	1	1	0
52.54183754	38.08494841	301.0079426	0.3218027823	-1	1	0
111.694829	70.54423492	180.2097622	0.5863401547	1	1	0
12.93230812	34.65958089	37.08607746	0.2172913108	1	-1	0
1.626628491	21.44750887	295.1265566	0.1265301054	1	1	0
78.8948101	51.64286487	148.1952322	1.448022119	1	1	0
63.0506865	14.52962024	69.67549045	0.7880741126	1	1	0
24.616863	26.1596725	291.9931201	1.240919171	1	1	0
67.2141186	59.28400474	166.3637608	1.351273205	1	1	0
12.58921725	2.556821412	307.9110969	0.3126190139	1	1	0
26.65444188	40.9274359	264.4857937	0.5248153556	-1	1	0
69.55465164	36.96861008	215.1500788	0.4213191516	-1	-1	0
14.36414616	72.9909142	24.92264624	1.15345732	1	1	0
72.58266581	29.21071074	127.3237999	1.068053716	1	-1	0
71.49792938	119.6177656	282.4668732	1.037114627	-1	1	0
106.034722	86.97864886	236.9485064	0.9581372484	1	-1	0
109.8259202	2.387422281	329.087722	0.872098501	-1	1	0
86.42635574	98.03712319	100.5660898	0.9574049295	1	-1	0
29.83317035	33.15041323	275.2916765	0.1241596927	1	-1	0
62.43098525	89.80407666	231.0294303	0.2212618599	-1	-1	0
108.9105946	78.87340255	244.6193188	0.9588127344	1	-1	0
23.4559398	11.91087909	57.97559994	0.7904680185	1	1	0
8.551884004	66.98858948	220.8864799	1.314404868	-1	-1	0
19.74736792	19.19443742	221.8883072	0.7752743142	-1	-1	0
84.31424774	5.575714861	332.6413175	1.426365056	-1	-1	0
106.3599656	64.09537789	259.2122503	0.114531296	-1	1	0
16.19251145	27.02549071	206.1424972	0.7755530287	-1	-1	0
53.55909224	0.8795663892	207.5115587	0.05359701616	1	1	0
38.57572988	31.96873011	205.2054754	0.7886434956	-1	-1	0
35.29543434	39.91860462	285.3422257	0.4174822203	-1	1	0
11.91406772	58.98583896	165.802842	0.009394712407	1	1	0
50.76051593	23.20460261	140.7546811	1.254171963	1	-1	0
103.636853	72.45084167	198.6867756	0.4885917104	-1	-1	0
50.80299388	60.99305857	3.78559845	0.04472173478	1	-1	0
88.70056454	12.70532194	305.0223685	0.2119446927	1	1	0
28.51553573	18.71899085	202.3532972	0.8821224567	-1	-1	0
42.20368345	24.14969261	192.8619336	0.881461913	-1	-1	0
28.32014039	55.72567479	140.4800735	0.217832926	1	-1	0
6.315311208	52.52445747	168.7699209	0.1017954161	1	1	0
40.7885035	84.43410624	57.21921187	1.243302065	-1	1	0
43.93725816	38.94593063	219.4593811	0.6967973111	-1	-1	0
49.55157703	83.62871694	79.23159111	1.340974567	-1	1	0
59.13067317	22.52007736	164.3236006	0.9739759086	-1	1	0
75.70034944	21.4105449	306.3736327	1.3432433	-1	1	0
80.35572699	13.43275154	348.1761859	1.330981094	-1	-1	0
3.217643227	60.76088663	182.4032057	0.1946030161	1	1	0
93.15611856	5.584392819	350.0293277	1.422527283	-1	-1	0
117.0998712	99.62226183	196.6359595	1.412088797	-1	1	0
18.54167115	42.2853797	33.10881038	0.4023109506	1	-1	0
23.4506799	49.06936394	282.8144055	0.501980122	-1	1	0
116.2753605	116.4603496	266.3552797	0.9657610147	-1	-1	0
70.5555261	51.90529696	108.4188127	1.35521696	-1	-1	0
64.64243687	97.80404513	324.5442315	0.221994021	1	1	0
67.45014356	7.381814788	299.6820449	1.037134739	-1	1	0
97.17706271	13.55065895	12.36212121	1.246651643	-1	-1	0
114.2963228	85.46040112	312.5800502	1.323068923	-1	1	0
117.7160858	4.964461704	18.66448988	1.430376351	1	-1	0
8.872303106	88.77661335	174.0373614	0.3177104334	1	1	0
47.62115376	68.56556994	178.3388665	0.3127154021	-1	1	0
58.54926981	7.387274612	203.531466	1.445402018	-1	-1	0
38.98976251	69.85691974	86.46128814	0.871358829	-1	-1	0
99.44757414	22.1569408	26.74696922	1.339413047	-1	-1	0
53.63906802	106.7006531	84.27301939	0.147738421	1	1	0
36.10991423	77.51937937	179.7651115	1.233949991	1	1	0
70.48654988	104.3557616	263.7912768	1.083019218	-1	1	0
57.86642288	113.7841756	196.3607011	1.265274573	-1	-1	0
4.553232489	0.1176137018	321.8844465	0.59219936	-1	1	0
100.4333375	80.321104	254.4714468	0.8650841821	1	-1	0
84.35908533	20.70347584	292.8569258	0.1682747109	1	1	0
79.56386674	103.715187	282.8402769	1.236516547	-1	1	0
105.0872636	16.26742911	185.7596681	0.03442969802	1	1	0
62.05259273	52.08288678	150.7845048	1.443818914	1	1	0
11.55562708	19.66392851	176.8076453	0.9618133376	1	1	0
108.9577224	101.5835232	233.4568109	1.225941971	1	-1	0
0.2936931999	91.34343832	235.4576499	0.9502650249	1	-1	0
64.22444862	29.8871912	180.3373069	1.440145048	-1	1	0
55.84273397	30.44138421	23.45932373	0.1394077831	1	-1	0
107.3901273	24.85045938	169.9913224	0.12591146	1	1	0
101.5563446	119.5279579	265.0241113	1.15252602	-1	-1	0
114.6408958	108.1189752	228.0344195	1.420577145	1	-1	0
95.22076007	96.12431069	114.8953517	0.8635624357	1	-1	0
2.778889373	83.28539676	317.0235472	0.2985541617	-1	-1	0
25.18766906	63.89588884	145.84877	1.227612022	1	1	0
115.9018726	27.359613	277.382386	1.336372262	-1	-1	0
22.59879941	71.95145724	222.8111438	0.9692674038	-1	-1	0
65.64545857	44.62988767	227.7610915	0.3321123139	-1	-1	0
117.9275215	54.36530854	328.4074896	1.312148908	-1	-1	0
113.2341613	19.02709552	261.0196783	1.336462699	-1	-1	0
119.5470897	13.33394103	265.5188014	1.336817844	-1	-1	0
17.09556797	65.34162012	238.8756131	1.035008387	-1	-1	0
46.12809343	16.39957698	281.867977	0.8842883047	-1	1	0
66.79114286	112.539881	272.5069529	1.082413618	-1	1	0
10.45113544	42.68465561	276.1738764	0.4968203058	-1	1	0
36.83632346	54.52998012	149.2832218	0.2188459114	1	-1	0
20.50810493	4.259055036	123.1304617	0.32407966	-1	-1	0
91.90619228	82.26253265	240.029823	0.7697321513	1	-1	0
32.68622505	85.54097716	142.2208768	0.02265794695	1	-1	0
111.7892667	93.37276362	218.6799827	1.038780947	1	-1	0
89.34251639	90.2646394	74.76170527	1.142852753	-1	1	0
111.1573523	10.68146759	250.3660371	1.244112183	-1	-1	0
119.8901034	68.53283588	304.2002455	0.01953744023	-1	-1	0
53.58577372	53.2521128	311.7555369	0.3258088553	-1	1	0
71.79639917	14.27285865	130.4447022	1.032859921	1	-1	0
6.274668131	8.541360869	325.1956342	0.4050804852	1	1	0
44.82078786	76.44783736	140.9868686	0.1258451961	1	-1	0
61.7511572	105.4953752	201.5845343	1.432020589	-1	-1	0
114.5860693	62.1693524	200.0211246	0.3807711198	1	1	0
88.67165662	118.4816312	71.55985607	0.3086511544	1	1	0
48.92318082	46.02555378	13.77360741	0.3218633158	1	-1	0
102.9782798	7.614057951	300.3039438	1.431978868	1	1	0
57.06988336	45.28024895	291.7706803	0.2400818693	-1	1	0
75.85972209	6.455430232	146.4166473	0.8451588438	1	-1	0
79.77282615	118.6299458	83.81509049	0.4017518707	1	1	0
42.1323236	62.17474502	40.3294223	1.1507338	1	1	0
103.6358001	94.9256036	76.21902254	1.236796053	-1	1	0
31.70592175	47.50906291	155.3571322	0.2179081096	1	-1	0
94.7850996	74.37452508	296.6003477	0.9555633952	-1	1	0
41.10496706	9.790174923	283.3927991	0.4188212211	1	-1	0
97.91400546	88.27246635	59.94481747	1.152085053	-1	1	0
40.4654118	46.8686594	291.3352636	0.4175337763	-1	1	0
56.30444135	98.62931737	284.2165639	0.03483735875	-1	-1	0
33.50592297	62.72653979	99.27140595	0.8729001428	-1	-1	0
109.2444476	32.87345516	287.9859193	1.336513728	-1	-1	0
37.24116831	17.24860107	267.3086881	0.602547054	-1	1	0
57.86196116	82.59466875	286.9741412	0.6874327971	1	1	0
49.11283528	113.8953381	210.1757991	1.265266757	-1	-1	0
83.83405663	111.0645612	77.84868824	0.3983288895	1	1	0
117.1410046	76.92425156	321.1024069	0.2055861455	-1	-1	0
14.66261239	50.45726293	211.0935095	0.8692683449	-1	-1	0
20.11721456	57.20033107	219.8177447	0.939645257	-1	-1	0
47.5580085	30.9538177	285.465242	0.4149415424	-1	1	0
45.1595342	54.37240259	227.9875651	0.7776700863	-1	-1	0
14.57139996	10.80519012	86.26202701	1.336960252	-1	1	0
63.14221378	0.1902862574	279.4897674	0.7023662735	1	-1	0
30.74025246	70.65689049	162.9580863	1.226860859	1	1	0
54.16222637	90.52384794	349.0842498	0.9661158775	1	-1	0
82.38582635	44.22241721	230.19579	0.3313458067	-1	-1	0
73.88658715	44.2156908	167.3469279	0.8901125201	1	1	0
52.98515478	75.58745092	161.1701865	0.1291346502	-1	1	0
44.81599819	1.591324066	272.1434803	1.071548471	-1	1	0
45.57640784	91.03028324	5.021495413	1.059804804	1	-1	0
49.80263971	8.472957317	268.2122767	1.07084152	-1	1	0
61.00192812	37.78966982	286.9211415	0.5116491432	1	1	0
54.46205995	15.18014492	157.6681529	0.9773415147	1	-1	0
98.08355296	66.43221558	302.3031642	0.5818208018	1	1	0
31.90979323	10.62844408	269.1530345	0.5095582773	-1	1	0
56.09840662	67.94598687	19.04289028	0.04507907949	1	-1	0
5.393158479	74.87986387	51.04545379	0.6876189616	1	1	0
78.04883025	36.79608175	221.2142735	0.4340560815	-1	-1	0
21.1710798	34.24022521	275.0837542	0.4958811163	-1	1	0
