120	120
15.75369384	75.56002284	287.1007363	0.4412951191	-1	-1	0
86.31739186	7.696301606	71.99269787	0.4182160748	1	1	0
102.8538061	93.68110896	257.25737	1.273591626	-1	1	0
87.79519537	118.9351502	52.08608368	0.6003759147	1	1	0
26.75456184	10.20744195	119.0772084	0.5028902121	1	1	0
103.3033271	76.59461505	225.8637787	0.4353182812	-1	1	0
75.22343781	28.15208581	147.3857156	1.128464097	1	-1	0
23.02163864	54.06686814	178.3191622	0.8252512708	-1	-1	0
11.9485951	14.1900545	48.50396513	0.8957997062	-1	1	0
78.83356999	50.77429852	126.9572312	1.119826469	1	-1	0
88.12728363	101.8699676	163.4178481	0.7205752214	-1	-1	0
116.7649401	5.21365321	126.5164194	1.268918215	1	-1	0
80.21129785	42.18408582	62.30350246	0.8392210014	1	1	0
9.741295312	6.241592732	119.8284097	0.3369378705	1	1	0
113.0522071	21.73690194	25.25493877	1.005836132	-1	1	0
64.91356687	48.21834876	4.675724427	1.082267534	1	-1	0
9.918491392	59.60840868	136.4194323	0.1007978071	-1	1	0
102.5595434	101.9910301	244.0788187	0.9921340657	1	-1	0
103.5577591	67.84141401	159.919896	0.7090051337	-1	-1	0
88.46229651	84.65648325	139.825219	0.5430544786	1	-1	0
23.97096463	2.497137124	65.97865241	0.3121700561	-1	-1	0
110.0782847	89.90896889	2.383225135	1.186454624	1	-1	0
72.79134597	109.862669	54.73542641	0.31868161	1	1	0
101.5157799	50.86467187	259.9805269	0.04058324703	-1	1	0
95.48567021	115.3750823	165.5211234	0.5281143694	-1	-1	0
38.22553812	20.138747	138.5715889	0.5950676581	1	1	0
113.0527915	57.41466295	118.7175202	0.09921999227	-1	1	0
81.29610723	79.78734889	61.14427022	0.1719106693	1	1	0
76.59948334	19.80143283	261.5409961	1.1582315	-1	1	0
102.4702893	110.89277	174.2524085	0.7143816311	1	1	0
67.34050574	31.30848649	264.686652	1.357824421	-1	1	0
92.38764661	13.372118	174.9572327	1.437780081	-1	-1	0
21.86349246	91.44339579	358.7408734	0.7654060254	1	1	0
111.491684	30.59138861	295.2792734	1.477803241	-1	-1	0
49.58758359	105.1954662	200.1970567	0.962743804	1	-1	0
51.68316024	113.4325913	157.5675682	1.247785435	-1	1	0
87.8647507	93.03520328	256.0979815	0.8126185129	-1	1	0
81.73562684	33.77160431	62.77511271	0.8492829434	1	1	0
35.0806751	109.3217956	66.87524562	0.4035635539	-1	-1	0
84.66999494	16.68886515	273.7415415	0.0407424045	-1	-1	0
103.7122523	33.68629934	69.30475592	1.068704417	1	1	0
72.98954226	118.3604359	51.9101954	0.507183337	1	1	0
80.87642824	88.6774132	124.6548121	0.5331257605	1	-1	0
96.40019706	72.14186494	154.9934516	0.1504313952	1	-1	0
97.5703392	27.6045559	247.8876535	0.659244953	-1	1	0
110.2263301	98.30710124	274.3291182	1.366717278	-1	1	0
110.0036409	39.36199889	53.32905881	0.2671502572	-1	-1	0
73.7510663	93.0326079	20.56635835	0.534895907	-1	1	0
86.69997422	47.82729842	251.026346	0.03792094294	-1	1	0
117.58662	36.51446693	312.3040998	0.3839012246	1	1	0
7.730010852	118.1348898	79.26264111	1.262532057	-1	-1	0
46.49312118	21.38709567	258.597098	1.153851079	-1	1	0
104.9619583	58.30517845	282.7211733	1.437859225	1	-1	0
26.88562386	107.6182479	108.3880373	0.4025391952	1	1	0
12.41835972	89.43320551	306.027508	0.7267276726	-1	-1	0
30.19475054	93.12897493	286.0000222	0.489624113	-1	-1	0
85.13068394	56.33364182	264.4390431	0.03859745301	-1	1	0
95.13407853	97.429284	179.4428389	0.5333237507	1	1	0
74.12172777	83.8541218	285.4540532	0.06749873218	-1	-1	0
15.81631232	97.33324046	317.7526099	0.6833269112	-1	-1	0
4.601801455	65.85120505	180.3881153	1.303115992	1	-1	0
35.49608636	12.402287	47.56703859	0.3180403016	-1	-1	0
73.08771238	101.1682675	123.6585497	0.4431343702	1	-1	0
97.04714497	62.58779339	181.0175616	0.9882886901	1	1	0
118.756961	71.79915888	319.4402894	0.6241158798	-1	-1	0
7.496982581	96.20064733	76.02514887	0.07167835049	1	-1	0
99.0824052	18.93539085	265.4377443	0.8192004016	-1	1	0
46.5741165	119.8464458	198.5403053	0.9684245217	1	-1	0
82.05960143	70.78800669	128.5396407	0.8936751254	1	-1	0
46.38059047	97.34976003	32.85411016	1.148665574	-1	1	0
43.61608241	111.4814875	187.8249976	0.9612018628	1	-1	0
80.00475584	2.409695249	52.95414339	0.5075604853	-1	-1	0
88.30189352	39.58089346	69.90869861	0.8789775902	1	1	0
59.81725386	115.0883208	322.8942427	0.9682208809	1	-1	0
80.54371797	113.9391903	41.78117524	0.600376987	1	1	0
102.3833358	42.39042324	51.79548258	0.9725544635	1	1	0
21.21518377	16.52284562	294.255661	0.0362447465	-1	-1	0
55.89635362	10.83451205	133.6855624	1.436650971	-1	1	0
26.93797428	62.00884593	160.6074482	0.918721957	-1	-1	0
10.09747581	104.0218327	22.61044871	0.4446804968	-1	1	0
96.00563774	36.77150111	293.1767274	0.6002630218	-1	-1	0
88.5675031	75.61055987	257.1467134	0.6148338616	-1	1	0
24.18156482	24.67083554	265.1971599	1.246847089	-1	1	0
29.84030927	70.42202597	258.3953297	0.8261913195	1	1	0
114.4598743	12.97881312	41.37589497	1.273144795	-1	1	0
58.02540475	42.75497359	351.9396541	1.078659234	1	-1	0
32.31868247	26.42911251	138.2402248	0.5950874264	1	1	0
13.17304509	67.60211221	114.8850917	1.024344616	1	1	0
73.50139025	36.79528573	132.9619263	1.128723089	1	-1	0
117.6711154	50.21023799	47.13171324	0.3789731932	-1	-1	0
38.37917822	94.46008603	136.1784001	0.6827901736	1	1	0
18.18306492	8.711032947	183.9638675	0.689171316	1	-1	0
71.84752213	6.480789733	47.96223317	0.3199067916	-1	-1	0
21.87038426	68.95801458	168.3790523	0.9192412878	-1	-1	0
71.08935847	53.91220205	288.7373329	1.399004509	-1	1	0
38.04882047	117.7754876	52.46357747	0.401662308	-1	-1	0
57.66307401	107.1131267	142.3462394	1.247628649	-1	1	0
83.41445656	25.39019241	287.5510132	0.04136122356	-1	-1	0
93.37793305	53.82311451	264.1211782	0.04015188553	-1	1	0
14.72976764	52.71698687	217.2466523	0.1938163923	1	-1	0
70.2790478	14.5775473	132.9698733	1.063690354	1	-1	0
7.288075516	73.73760801	301.8558483	0.5354761846	-1	-1	0
60.34877625	25.83557001	298.7844907	0.05418811821	-1	-1	0
6.61116074	51.2495062	116.2910129	0.00771158697	-1	1	0
2.774496258	43.24771827	50.37026913	0.2879025752	-1	-1	0
40.89617695	5.838267733	50.51679518	0.318038375	-1	-1	0
106.856504	16.30191119	13.1952514	0.5398420662	1	-1	0
95.09859651	106.4658985	165.9845689	0.7150617519	1	1	0
29.54277223	18.23715362	205.6310979	0.8753233911	1	-1	0
32.63462616	78.23763072	285.2475389	0.4875808173	-1	-1	0
78.43716428	11.26997922	69.01742683	0.4133531678	1	1	0
95.4610675	89.00009244	241.3280231	0.9153494842	-1	1	0
68.46215188	22.98241489	144.6632375	1.064068854	1	-1	0
13.34615527	111.9841481	207.4027023	0.4260773445	1	-1	0
38.44269766	72.27717833	323.2516305	1.134852174	1	-1	0
91.13888545	22.04660603	68.61737295	0.4134267665	1	1	0
27.0712379	84.98057648	301.8601545	0.4889625653	-1	-1	0
100.1817326	10.5182386	28.87309892	0.3206186899	1	-1	0
88.09442541	110.7284399	176.0891506	0.5170081312	-1	-1	0
95.46975808	80.39796557	250.4262748	0.6361910236	-1	1	0
44.14728446	13.55635567	202.5990271	1.06075964	1	-1	0
32.54530668	4.253435593	53.04438363	0.3117408764	-1	-1	0
1.340482498	79.59837973	229.5470994	0.8143062918	1	1	0
1.538257046	57.67607012	195.9845629	1.310149101	1	-1	0
32.56588357	101.1593442	121.8769638	0.6811471768	1	1	0
94.60897046	45.57275104	132.3613774	1.250623161	1	-1	0
72.61436799	45.34657432	271.1115876	1.399180683	-1	1	0
102.7408032	85.14411354	18.09882382	1.185724272	1	-1	0
21.50408748	113.9863895	31.83828956	1.333793365	-1	1	0
62.34305533	16.85435073	252.1989345	0.1329470785	-1	1	0
94.00297311	4.668629113	290.5059972	0.2262447697	-1	-1	0
59.65198304	34.15879236	10.41123103	1.078585022	1	-1	0
0.9357887315	18.83679307	175.8709811	0.167694318	1	1	0
18.5909839	61.05320657	113.4833659	1.02054981	1	1	0
29.60277445	116.1319046	209.8622088	0.1263214507	1	-1	0
109.4034133	47.83976176	111.0145531	1.252139908	1	-1	0
80.22890686	105.7453005	180.7792596	0.8773874119	-1	-1	0
65.74995371	39.93527113	283.9586291	1.36124261	-1	1	0
89.83799053	30.88890635	52.89283374	0.8451939874	1	1	0
18.4032222	105.2763187	204.948211	0.3122301943	1	-1	0
9.976956791	81.53718676	244.9786498	0.6306094506	1	1	0
80.95543589	97.45185191	57.97697485	0.1623492653	1	1	0
110.6425899	73.16749042	40.96397477	0.06567350198	1	-1	0
101.644859	1.24250817	68.80429124	0.8985227021	1	1	0
24.20183743	77.17713062	240.8447425	0.8615262502	1	1	0
108.2285389	7.081403727	58.26515075	1.083884264	1	1	0
54.43244595	19.2382069	25.22723711	0.8778940647	1	-1	0
110.4507059	81.56508708	240.5430598	0.2551639998	-1	1	0
105.312111	24.90166033	29.76248656	0.4537005295	1	-1	0
2.901880632	10.87585618	75.8827699	0.1513882601	-1	-1	0
15.84189354	0.3228119197	113.9725666	0.2397750026	1	1	0
24.31664575	99.61039776	20.22466479	0.1232073306	-1	1	0
89.93131773	66.86030381	162.1496647	0.8005697823	-1	-1	0
18.6066216	83.46111138	288.6686351	0.580179656	-1	-1	0
35.19048047	86.25295595	119.9974631	0.6768756583	1	1	0
40.97599071	103.3830282	185.7889531	0.9624086159	1	-1	0
26.06526638	32.66433867	203.740245	0.9675957752	1	-1	0
3.828748565	87.51661411	322.7283173	1.189461324	-1	-1	0
63.81553576	8.668449839	149.7045234	1.250024092	1	-1	0
54.59555657	1.795148689	143.687434	1.338659239	-1	1	0
