120	120
37.2973339	66.80730426	154.5478412	1.443928341	1	-1	0
112.1934898	3.493059684	0.2076298136	1.445673546	-1	1	0
16.18722643	51.919185	319.2273115	1.220382605	1	1	0
117.4127152	9.758956533	56.20518116	1.254607057	1	-1	0
2.184487457	113.3788056	256.1097394	0.5132507103	-1	-1	0
3.963806908	103.0912678	0.4558590604	0.7909468723	-1	-1	0
17.37984025	20.64739983	335.0342975	1.179378817	1	1	0
54.70417441	98.13251996	33.58099213	0.1732706777	1	-1	0
7.24766042	84.96682405	331.7312722	0.02659824385	1	-1	0
96.59217573	30.58284767	296.3894512	0.7153255542	1	-1	0
55.77663743	106.8411299	97.81171751	1.290989066	-1	1	0
91.98301578	46.9671867	290.3932429	0.5326419207	1	-1	0
30.8298692	55.07710812	187.2720441	0.01341408738	1	-1	0
8.513088153	119.1086224	339.1702493	0.7927752922	1	1	0
3.58861604	70.69427641	326.8200179	0.2108232693	1	-1	0
47.99405084	102.730618	111.5563814	1.384604468	-1	1	0
115.0284495	18.1663667	47.98117772	1.085524423	1	-1	0
98.81582152	22.2753518	233.9733764	1.368473295	-1	1	0
5.643560476	7.948546678	231.1581532	0.7122304179	-1	1	0
46.83818577	20.34347923	290.6191187	0.228750152	1	-1	0
76.58294876	91.78730567	140.1458176	1.4775527	1	-1	0
33.03925497	46.76662297	198.8562276	1.30273394	1	1	0
89.42303623	55.47709894	281.3950627	0.3573200332	1	-1	0
76.9421237	100.4298885	153.6193686	1.477543931	1	-1	0
8.920267619	76.78879937	82.90591827	0.2126521908	-1	1	0
45.04669075	59.56664644	114.6003366	0.1986439345	-1	1	0
46.68232939	86.5700822	70.68838736	1.170052116	1	1	0
37.31992984	30.83918424	332.5552402	1.3462789	1	1	0
39.21248777	53.38507091	288.6408663	1.410700921	1	-1	0
30.60047917	79.94293149	157.5533033	1.36207834	1	-1	0
45.69061882	77.62241035	70.42135828	1.169342136	1	1	0
111.6854616	91.80237144	346.8765599	0.7918794038	-1	-1	0
41.93919311	13.1322643	294.843417	0.1358404677	1	-1	0
55.87371202	4.216924191	85.65026369	0.9764466506	1	1	0
100.1663561	111.2197516	5.17879389	0.5108393693	-1	-1	0
33.70837618	113.1110398	133.3256997	0.2582616182	-1	-1	0
91.78346727	113.7274553	350.639898	0.5100783322	-1	-1	0
68.37865879	79.46315774	136.1649961	1.47715651	1	-1	0
94.26328685	105.6803737	126.1642945	0.6947238149	1	1	0
23.59477751	84.93051244	166.2448545	1.269364385	1	-1	0
56.09459558	115.3351731	97.74881979	0.9356435087	1	1	0
54.21665764	89.72002731	19.71197995	1.104128187	-1	-1	0
2.633491558	47.40897617	82.18341205	1.487869176	1	1	0
39.58366357	91.34353418	87.62927694	0.05899679986	-1	1	0
0.2465669485	1.480508652	353.1252942	0.8852902385	1	1	0
75.59004784	83.34452649	336.2929714	0.3596455762	-1	1	0
112.0190845	57.98621163	279.5330268	1.12334349	-1	-1	0
39.00586249	22.64580911	349.6266249	0.2288740688	-1	1	0
109.6543286	65.95271419	337.6481132	1.407738521	1	1	0
119.0905791	88.17192053	6.554077493	1.144017762	1	1	0
95.77654896	7.526500984	235.0803678	1.366725805	-1	1	0
10.86965906	45.38334235	294.3157946	1.115046711	-1	-1	0
118.2265756	96.95830575	350.9022865	1.066306476	1	1	0
61.44809531	84.17930453	132.6550338	0.2647764254	-1	-1	0
90.74283889	23.91749398	313.0153623	0.7152701122	1	-1	0
49.27477936	9.039570423	246.8396852	0.7901360992	-1	-1	0
33.41136468	16.30503354	334.5769638	1.251383307	1	1	0
41.19240346	116.3378608	60.32206166	1.47770269	1	1	0
53.67050202	81.33014764	56.33010868	1.170182503	1	1	0
82.30078561	26.07138101	297.8670622	0.7154983982	1	-1	0
45.52903227	28.9088862	153.6910445	1.439214219	-1	-1	0
35.39785209	38.80544111	278.5650742	1.254004619	-1	-1	0
12.71789847	37.18435917	317.5485147	1.088051476	1	1	0
51.7265546	34.42911411	234.6797063	0.1358204785	1	1	0
102.8462785	103.3249284	116.7647253	0.6971406398	1	1	0
53.1644737	56.56864412	45.07721648	0.4776235593	-1	-1	0
43.44300442	37.08838007	218.3191086	0.04339988137	1	1	0
31.76186051	88.41796693	153.5018913	1.362478667	1	-1	0
104.8228691	28.97709038	356.0709684	0.8066057111	-1	1	0
5.837294017	93.17609363	108.573229	0.772177022	-1	-1	0
22.89197722	58.90227355	223.8945309	0.9446332602	1	1	0
32.42470221	96.54655328	331.0706028	1.362797955	-1	1	0
41.43594644	45.14196768	33.82487215	0.01418307257	-1	-1	0
15.82485395	72.28374739	330.8772435	1.05655707	1	1	0
108.4722812	43.3357102	357.7298647	0.8994221022	-1	1	0
32.98707876	104.7317736	153.9996093	1.471663956	1	-1	0
0.732573326	79.35311419	338.7385178	0.1195261853	1	-1	0
19.09153423	43.45805532	55.20234445	0.844849587	1	-1	0
48.45825196	111.1645781	78.12804945	1.011838561	1	1	0
69.54547327	96.55387116	210.4780384	0.359799976	-1	1	0
19.83939546	12.37073151	320.4773496	0.9931313434	1	1	0
112.4055037	80.41786498	104.7463316	0.4913373543	-1	1	0
41.72604782	4.634987712	259.5737801	0.6945994808	-1	-1	0
79.32092555	66.76520747	137.5145247	0.4643825464	-1	1	0
22.60850865	67.47044307	298.7379918	0.2965984825	-1	1	0
62.624536	101.4833206	37.28299841	0.08021964559	1	-1	0
88.42429244	31.96480345	359.0526852	0.80846656	-1	1	0
108.6608047	109.1206335	16.910083	0.513329139	-1	-1	0
11.64987632	14.6472085	161.973075	1.084887406	-1	-1	0
38.80726406	83.11831963	137.5290696	1.363634424	1	-1	0
100.4185241	45.23646834	291.2586386	0.5269472787	1	-1	0
14.42530958	28.85742447	14.5541016	1.46000112	-1	1	0
114.1416074	115.2197373	59.05939397	1.165340925	1	-1	0
49.84275629	42.5292563	276.0863913	1.411068556	-1	-1	0
75.50407021	74.35950585	151.396808	1.48883345	1	-1	0
109.2074287	12.34986357	359.0322138	1.353859024	-1	1	0
4.654646376	39.15398184	276.6977963	0.8980422319	-1	-1	0
0.1055884477	56.03487023	96.29657803	1.394507986	1	1	0
104.0206734	5.935789918	59.0809473	1.166387379	1	-1	0
40.86053975	107.9194404	17.11440985	1.47762168	-1	-1	0
5.880441707	62.30140683	263.1953453	1.116137542	-1	-1	0
116.6275492	106.7543585	353.4690698	0.8854579841	1	1	0
59.76609705	67.56385609	77.02039098	0.3641399834	-1	1	0
106.814853	20.71528897	59.92139921	0.9961901357	1	-1	0
93.83443126	38.84948871	14.19725197	0.8118201871	-1	1	0
27.10083304	41.2510881	292.4992699	1.212771224	-1	-1	0
49.00446427	119.6469804	243.6343248	0.6972585622	-1	-1	0
95.51813286	61.67274243	308.7994893	1.476551445	1	1	0
22.70006624	27.14838292	332.8201078	1.181243906	1	1	0
83.95968504	49.1878685	58.02074024	1.184564807	-1	-1	0
15.7394191	82.03041274	356.1773374	0.3052982416	-1	-1	0
67.68404169	71.29265076	90.14574828	0.2666321243	-1	1	0
85.77047173	40.67840459	274.2211086	0.9042409563	1	-1	0
8.039914884	53.76969842	276.6373154	1.115525847	-1	-1	0
25.42607224	18.61051658	37.91450446	0.8798774579	-1	-1	0
97.95987227	119.4204501	74.07476889	1.165186454	1	-1	0
30.09525933	63.04328382	316.6079222	0.1098558639	-1	1	0
51.84976531	64.80124708	271.9208413	1.459419229	1	-1	0
97.75633	53.30989366	283.7821013	0.36080428	1	-1	0
3.278785329	16.12131244	330.9668372	0.991620116	1	1	0
115.3933381	72.56694776	327.8050878	0.2121050322	1	-1	0
13.54097404	6.148297707	55.166122	0.987727657	1	-1	0
52.8503869	73.04092207	13.00723501	0.7143907591	-1	-1	0
117.7757963	64.50965531	342.493643	0.7508091199	-1	1	0
20.87374025	35.17465609	277.6753815	1.088074161	-1	-1	0
114.037421	49.68678399	81.1601651	1.487570255	1	1	0
93.05042816	15.88998648	217.0178162	1.273819409	-1	1	0
6.381270987	31.09603013	333.2733638	0.9922143712	1	1	0
101.5835246	67.62782497	42.77147306	1.128336136	-1	-1	0
81.16943599	57.70979654	284.8605321	0.357278902	1	-1	0
29.89159855	71.37294042	172.3939073	1.454643316	1	-1	0
29.01309208	33.25142494	319.0205062	1.253752372	1	1	0
24.4967238	49.71131918	356.2734883	0.8478577875	-1	1	0
40.2986397	99.61287253	34.08053038	0.5465313991	1	-1	0
118.3591659	33.04982351	259.5067423	0.5237300193	-1	-1	0
0.9542352712	24.32782252	357.8072938	0.4337240963	-1	1	0
87.61113649	9.88800379	192.8232062	1.180476731	1	-1	0
102.1712314	37.19244874	292.918081	1.178676799	-1	-1	0
60.47811396	75.83378096	73.09059657	1.010284209	1	1	0
103.8598399	59.58079169	318.7935676	1.476523769	1	1	0
110.2080068	35.11876566	56.75315017	0.7100033971	1	-1	0
37.48768873	75.02870247	79.49600825	0.1518525543	-1	1	0
112.8601884	26.83281666	69.51591123	0.7130015541	1	-1	0
47.5650121	50.61459738	95.75919904	0.1069454437	1	1	0
23.12653825	76.30974519	235.8855554	0.7095980712	-1	-1	0
31.05705883	24.73327277	297.2858473	0.04313873856	1	-1	0
106.114051	117.6964688	102.2920775	0.04768969334	-1	1	0
45.02073595	69.24947355	78.80254572	0.3263669314	-1	1	0
93.2190771	69.78299694	49.76920395	1.106476389	-1	-1	0
84.69968934	18.14548181	231.8383243	1.087580437	-1	1	0
68.73346114	88.15536341	72.83189075	1.290966611	1	1	0
13.98919365	90.14388439	357.1678278	1.237380076	1	1	0
87.19677815	63.84427502	281.5015491	0.2660830768	1	-1	0
106.6639103	74.31415614	303.791603	0.2095700204	1	-1	0
101.0501933	14.19261884	75.02042315	1.089059183	1	-1	0
105.9669548	51.67488755	295.1612509	1.198445998	-1	-1	0
61.75845193	92.87702099	70.22834682	1.290432073	1	1	0
110.9123646	100.6675933	359.9170394	0.6984144246	-1	-1	0
9.014504284	22.72809294	37.55736365	1.457951538	1	-1	0
116.5422979	41.25085155	353.5044175	0.09106467648	1	1	0
