120	120
108.6164208	11.21788703	20.49353225	1.127176654	1	1	0
66.28392198	71.62222045	17.48521049	1.121844861	1	-1	0
56.44347808	30.56914566	38.96842989	0.5425483933	-1	-1	0
98.24751657	1.066846692	47.92013752	0.8479233429	-1	-1	0
60.84059924	103.191733	15.48107975	1.279431704	-1	1	0
96.65669714	96.08528675	136.5055397	5.136942232e-05	1	-1	0
118.7183923	23.55962136	0.7794848438	0.9542282967	1	1	0
103.4953404	91.3828173	112.6631067	0.3727172487	-1	1	0
97.97356396	48.37555445	293.39791	1.328444256	-1	-1	0
56.40557573	22.22651085	45.72721317	0.7211726305	1	1	0
59.88081424	66.49957034	13.66132775	1.187295217	-1	1	0
3.258843616	58.70834857	293.2239183	0.2421819873	1	1	0
17.63714097	10.16201016	45.53899023	0.4076440274	-1	-1	0
3.511825188	4.754290333	117.1960091	0.03539026662	-1	1	0
24.09859411	67.60487391	217.4663003	0.9792971533	1	-1	0
40.07975417	6.351924741	278.906573	0.2595259022	1	1	0
4.214769438	17.40709114	308.7762925	0.5958989318	-1	-1	0
25.26032887	7.164499342	316.7517565	0.4465493578	1	1	0
108.7083492	28.25073472	47.9858117	1.237519117	1	1	0
33.06902893	11.43212914	293.3685976	0.352675516	1	1	0
55.41391521	13.89635853	134.3585174	1.186657759	-1	1	0
45.82924334	104.1918688	65.35354808	0.6228400801	1	1	0
88.85847685	83.33688037	220.8729882	0.1040261147	-1	1	0
82.0213522	96.81800725	148.3458105	0.6593354321	-1	-1	0
38.90321507	117.5804115	299.3383192	0.1660146116	1	1	0
92.4360872	6.895010961	266.5010936	1.133443086	1	1	0
9.321593565	10.81773605	285.6636028	1.151464559	1	-1	0
60.299152	94.23309199	31.35469529	0.2598999422	-1	-1	0
52.95439762	99.08305091	358.2228994	1.372543992	-1	1	0
55.05538044	5.579441678	282.173914	0.4413780927	1	1	0
41.35816098	22.98750754	128.7610355	1.097972722	1	-1	0
100.2862457	9.80851712	114.2872741	0.109227443	-1	1	0
76.08043695	110.6275119	9.9315812	0.663553573	1	-1	0
14.43708936	82.0820098	248.1636137	1.258925924	1	-1	0
74.79408894	93.23617052	311.4650278	0.6612984747	1	1	0
110.9509841	37.48972088	49.06251847	1.140532314	1	1	0
58.39722469	48.28555481	38.28313397	0.2570068713	-1	-1	0
112.5533767	102.3316687	204.9778917	0.3713041392	-1	1	0
31.28760435	114.0360446	269.3261563	1.468092375	-1	-1	0
114.7237098	5.212026482	117.1611246	0.01388291635	-1	1	0
78.3187301	16.00473638	16.49008328	0.7234307787	1	-1	0
0.6873749872	49.12365443	348.5080925	0.6049897217	-1	1	0
16.54650504	115.7074331	94.61544753	0.3170475105	1	1	0
59.15711119	57.62950489	287.7218789	0.5353649715	1	1	0
117.7889167	81.20107931	52.37668998	1.258699905	1	1	0
69.66443109	3.946858478	135.7777358	1.030623393	-1	1	0
68.79276341	115.1921607	132.6550616	1.025162083	-1	1	0
83.83997312	113.6329929	131.4712422	1.035726974	-1	1	0
100.7933804	25.79857448	246.7474654	0.9583302281	-1	-1	0
23.90498819	110.6999452	84.36107198	0.1630875674	1	1	0
65.8618852	52.11213712	276.2329667	0.5353016299	1	1	0
22.29136302	85.33247229	353.7935245	0.04822038754	-1	1	0
11.61619254	59.1718458	91.57802662	0.8937248384	-1	1	0
53.49573186	107.6652375	3.349110229	1.374643698	-1	1	0
73.84524543	84.92104605	334.4755911	0.1029636406	-1	1	0
44.27707096	49.47341977	273.7468487	0.3521626789	-1	-1	0
91.03253936	109.140218	13.00825936	0.19966919	1	-1	0
62.69561844	9.066803746	145.2820996	1.093792298	-1	1	0
52.83978605	90.69516497	62.33381277	0.5269433158	1	1	0
47.70098236	9.627886635	70.23048921	1.471346764	-1	-1	0
46.52076631	1.109217951	55.85545917	1.468634937	-1	-1	0
74.99378528	102.2792754	172.1978507	1.036086657	-1	-1	0
73.26805965	66.97938571	15.32187442	1.28396186	-1	1	0
82.03590965	88.38149279	18.09005457	1.123815392	1	-1	0
24.08430331	118.9987509	256.8065209	1.467051308	-1	-1	0
97.90779377	104.505633	236.1146235	0.3715462059	-1	1	0
60.96514954	111.8804215	9.911880767	0.6534236587	1	-1	0
8.483113729	51.5789949	359.4816186	0.6141263575	1	-1	0
105.9447644	108.0663837	221.4781087	0.3712466263	-1	1	0
66.47242126	80.61876019	316.2677147	0.563369288	1	1	0
113.5996299	54.52762424	332.4059097	0.1403587848	-1	1	0
66.72946714	61.81070371	298.3233165	0.5354129093	1	1	0
79.06371782	41.47300806	136.1856115	0.5484055244	1	-1	0
12.2269589	3.096322548	54.59079354	0.3169623212	-1	-1	0
50.93724717	44.52042953	275.0225514	0.445373043	1	1	0
112.79404	46.29899761	148.4099745	0.6049441559	1	-1	0
2.421772385	109.9518481	93.98651788	0.5143467511	1	1	0
14.13015799	98.96990131	246.4763566	0.5145303606	-1	-1	0
59.11121735	76.36879842	336.056733	0.5633622062	-1	1	0
43.36739603	40.65408702	290.8157601	0.5582745694	-1	-1	0
15.93600587	66.83025492	107.4379148	0.8937194537	-1	1	0
59.72403501	85.45106669	17.64696704	0.1916414383	-1	-1	0
72.56336035	46.89177344	272.1042223	0.5342589467	-1	-1	0
23.03059481	102.3189341	99.18654417	0.5351308981	-1	1	0
86.2098354	28.50788241	337.9186644	0.9371648816	-1	1	0
103.211271	34.35992615	258.9778353	1.047435677	-1	-1	0
92.90145173	23.57312508	190.4189771	0.1902393093	1	1	0
0.8269605918	88.93946633	127.5672259	0.6065482834	-1	-1	0
40.59970434	14.67661171	157.4263781	0.07358284438	-1	-1	0
116.9863879	13.19715907	88.20033305	1.341936942	1	-1	0
118.7377157	117.6060695	120.7968206	0.01388166748	-1	1	0
85.54919061	19.76692779	354.4889756	1.001349398	-1	1	0
30.99394431	105.5668893	72.99618516	0.1636923473	1	1	0
37.83701423	92.1245418	354.1308558	1.180696057	-1	1	0
85.02145684	11.06649261	8.714643187	0.9083701459	-1	1	0
64.02430199	25.89912177	135.41332	0.822898694	-1	1	0
71.5190795	29.45231968	14.35987659	0.6366495685	1	-1	0
83.03653594	105.3216455	356.4885356	0.6653575033	1	-1	0
51.77813973	53.25385249	291.7098374	0.5363569326	1	1	0
102.6319412	17.61848844	85.66758723	1.420235342	1	-1	0
119.3419255	65.99701612	248.7403088	1.361063802	-1	-1	0
68.17070951	107.0043876	355.5864568	0.7456418082	1	-1	0
29.71593492	89.00357037	12.31102046	0.3425889793	1	-1	0
64.96111335	43.20779841	293.2630599	0.1632003513	1	1	0
70.80606701	12.47846556	131.3422271	1.091124956	-1	1	0
89.92227391	100.9150178	250.3760534	0.3715433165	-1	1	0
7.24131868	116.8317225	94.49745086	0.5025031931	1	1	0
63.37963705	17.36834766	46.63852634	0.5350409048	1	1	0
6.7241491	102.5066547	107.1145338	0.69723953	1	1	0
7.627117671	66.49632415	356.5887247	0.5242763666	1	-1	0
76.74218376	118.874655	118.3578091	1.030638975	-1	1	0
77.61344705	7.12638871	4.00461954	0.7447776073	1	-1	0
96.12348961	87.35145748	252.6735416	1.406174441	1	-1	0
106.2569344	3.051932839	23.97178428	1.127315777	1	1	0
73.43801455	75.83016121	357.4263842	1.097590517	-1	1	0
30.23483261	97.20323108	114.1825178	0.5321448943	-1	1	0
19.16112938	74.7670815	232.8878665	1.073216315	1	-1	0
38.11224687	100.3960829	137.1101323	0.8087330439	1	-1	0
105.6803018	51.39263954	54.60106549	0.3237597256	1	1	0
99.18944939	112.7173114	24.45503388	0.0945989939	1	-1	0
38.49922926	108.8880617	279.8659713	1.468094967	-1	-1	0
86.51691751	36.70330343	151.8650813	0.5725621605	1	-1	0
66.91882339	89.4865247	301.3670286	0.5644646929	1	1	0
119.9415274	97.55074578	196.9178235	0.3269958174	-1	1	0
111.072475	19.51343905	13.65172255	1.04772889	1	1	0
57.34330019	39.33688275	55.46851019	0.6322807808	-1	-1	0
32.42139553	2.957204038	287.3985017	1.469884367	-1	-1	0
2.660977398	73.71404296	294.7242931	0.2342135199	1	1	0
11.01931343	74.08338484	90.91043834	0.9813102549	-1	1	0
42.37177281	31.80993977	275.5902456	0.6449838089	-1	-1	0
11.237709	109.4655383	49.69350491	0.3169835078	-1	-1	0
78.85977599	33.25035794	356.3085066	0.8273942515	-1	1	0
93.54100515	15.29805213	44.51063435	0.1116076464	-1	-1	0
44.97197369	86.96479929	66.15406737	0.5272449554	1	1	0
7.612773887	93.79112714	92.54231642	0.8838255948	1	1	0
45.44441042	95.55045024	151.2801734	0.9021710649	1	-1	0
78.90636365	24.78475307	30.93927234	0.7233235785	1	-1	0
22.46557021	94.03645319	29.16126569	0.2541327552	1	-1	0
97.01065033	40.17380166	176.7663166	0.02456890496	1	1	0
52.24989412	82.0179044	74.67029874	0.5268444887	1	1	0
49.82460624	35.5880138	37.90520884	1.017480704	1	1	0
61.70211712	0.3196502875	46.00730098	1.467760286	-1	-1	0
33.46324282	19.82543423	122.2855531	1.279014856	-1	1	0
64.10585515	34.24899157	356.6292267	0.7315354864	1	-1	0
6.186302439	81.3374323	76.12266511	1.16764188	-1	1	0
104.9477105	43.02527324	273.3184754	1.142408113	-1	-1	0
94.98678229	31.8666034	181.8786222	0.09710127907	1	1	0
15.12939955	90.27248904	338.2203328	0.1381075194	-1	1	0
71.48095047	21.05239168	122.6430828	1.003873033	-1	1	0
89.42351209	92.16353504	235.4053094	0.1956519073	-1	1	0
118.7651925	40.33120276	330.0058986	0.5815805579	-1	1	0
46.56484105	112.6702814	140.1699319	1.095083171	1	-1	0
104.7043484	99.63261275	149.9925367	0.09114738441	1	-1	0
116.3831787	31.47273304	259.285226	0.9542424873	-1	-1	0
67.58245282	98.32004002	292.1218887	0.5593459622	1	1	0
49.01115213	26.91292042	55.59166093	0.8210795569	1	1	0
80.68143753	80.08381725	16.42373073	1.127352362	1	-1	0
71.47829022	37.95215222	11.66982578	0.7344468949	-1	1	0
48.40302967	18.04975593	119.3500087	1.090492695	1	-1	0
54.01236774	116.9391286	126.8069323	1.095271468	-1	1	0
