16000
  7.50000000 0.00000000E+00 0.00000000E+00 0.00000000E+00 0.00000000E+00
  7.60000000 0.00000000E+00 0.00000000E+00 0.00000000E+00 0.00000000E+00
  7.70000000 0.00000000E+00 0.00000000E+00 0.00000000E+00 0.00000000E+00
  7.80000000 0.00000000E+00 0.00000000E+00 0.00000000E+00 0.00000000E+00
  7.90000000 0.00000000E+00 0.00000000E+00 0.00000000E+00 4.00000002E-03
  8.00000000 0.00000000E+00 0.00000000E+00 0.00000000E+00 4.17500000E-02
  8.10000000 0.00000000E+00 0.00000000E+00 0.00000000E+00 3.32499999E-01
  8.20000000 1.25000002E-04 0.00000000E+00 0.00000000E+00 6.95625000E-01
  8.30000000 1.13750001E-02 0.00000000E+00 0.00000000E+00 9.13375000E-01
  8.40000000 6.36249996E-02 0.00000000E+00 0.00000000E+00 5.21000002E-01
  8.50000000 1.50374998E-01 0.00000000E+00 0.00000000E+00 3.02249997E-01
  8.60000000 3.15375002E-01 0.00000000E+00 0.00000000E+00 1.58499997E-01
  8.70000000 5.83500000E-01 0.00000000E+00 0.00000000E+00 8.48749999E-02
  8.80000000 3.37500002E-01 0.00000000E+00 0.00000000E+00 5.13749998E-02
  8.90000000 1.42874999E-01 0.00000000E+00 0.00000000E+00 3.66249999E-02
  9.00000000 6.62500000E-02 0.00000000E+00 0.00000000E+00 2.37499999E-02
  9.10000000 4.22500001E-02 0.00000000E+00 0.00000000E+00 1.56249998E-02
  9.20000000 2.97500001E-02 0.00000000E+00 0.00000000E+00 1.41250001E-02
  9.30000000 2.05000000E-02 0.00000000E+00 0.00000000E+00 1.25000002E-02
  9.40000000 1.74999999E-02 0.00000000E+00 0.00000000E+00 8.62500001E-03
  9.50000000 1.28750002E-02 0.00000000E+00 0.00000000E+00 6.74999999E-03
  9.60000000 1.01250003E-02 0.00000000E+00 0.00000000E+00 5.75000002E-03
  9.70000000 9.75000030E-03 0.00000000E+00 0.00000000E+00 2.62499996E-03
  9.80000000 6.37500003E-03 0.00000000E+00 0.00000000E+00 4.24999998E-03
  9.90000000 5.74999997E-03 0.00000000E+00 0.00000000E+00 4.00000001E-03
 10.00000000 3.75000004E-03 0.00000000E+00 0.00000000E+00 3.50000000E-03
 10.10000000 4.25000001E-03 0.00000000E+00 0.00000000E+00 2.75000002E-03
 10.20000000 2.87500000E-03 0.00000000E+00 0.00000000E+00 2.75000001E-03
 10.30000000 3.75000001E-03 0.00000000E+00 0.00000000E+00 3.12499999E-03
 10.40000000 3.50000000E-03 0.00000000E+00 0.00000000E+00 3.50000001E-03
 10.50000000 3.25000001E-03 0.00000000E+00 0.00000000E+00 2.00000002E-03
 10.60000000 4.87500002E-03 0.00000000E+00 0.00000000E+00 1.87500000E-03
 10.70000000 3.50000001E-03 0.00000000E+00 0.00000000E+00 1.75000000E-03
 10.80000000 3.62500003E-03 0.00000000E+00 0.00000000E+00 2.12500000E-03
 10.90000000 2.25000005E-03 0.00000000E+00 0.00000000E+00 3.00000001E-03
 11.00000000 4.12499998E-03 0.00000000E+00 0.00000000E+00 2.12500002E-03
 11.10000000 3.00000001E-03 0.00000000E+00 0.00000000E+00 1.74999999E-03
 11.20000000 3.25000001E-03 0.00000000E+00 0.00000000E+00 2.75000000E-03
 11.30000000 3.37500000E-03 0.00000000E+00 0.00000000E+00 1.25000000E-03
 11.40000000 5.25000002E-03 0.00000000E+00 0.00000000E+00 2.12499999E-03
 11.50000000 4.99999999E-03 0.00000000E+00 0.00000000E+00 1.49999999E-03
 11.60000000 6.99999998E-03 0.00000000E+00 0.00000000E+00 1.62499996E-03
 11.70000000 8.25000005E-03 0.00000000E+00 0.00000000E+00 1.74999998E-03
 11.80000000 4.37500000E-03 0.00000000E+00 0.00000000E+00 2.74999999E-03
 11.90000000 3.87500000E-03 0.00000000E+00 0.00000000E+00 2.37499999E-03
 12.00000000 4.12499998E-03 0.00000000E+00 0.00000000E+00 2.00000001E-03
 12.10000000 4.12500001E-03 0.00000000E+00 0.00000000E+00 2.62499999E-03
 12.20000000 3.12500000E-03 0.00000000E+00 0.00000000E+00 2.37499998E-03
 12.30000000 3.00000000E-03 0.00000000E+00 0.00000000E+00 2.87500002E-03
 12.40000000 3.62499999E-03 0.00000000E+00 0.00000000E+00 4.37500000E-03
 12.50000000 4.49999996E-03 0.00000000E+00 0.00000000E+00 2.75000000E-03
 12.60000000 6.25000000E-03 0.00000000E+00 0.00000000E+00 2.62500000E-03
 12.70000000 5.37499999E-03 0.00000000E+00 0.00000000E+00 2.62500000E-03
 12.80000000 4.75000002E-03 0.00000000E+00 0.00000000E+00 2.87500001E-03
 12.90000000 5.87500000E-03 0.00000000E+00 0.00000000E+00 2.75000002E-03
 13.00000000 5.62499997E-03 0.00000000E+00 0.00000000E+00 4.00000002E-03
 13.10000000 5.00000002E-03 0.00000000E+00 0.00000000E+00 3.37500002E-03
 13.20000000 4.87500000E-03 0.00000000E+00 0.00000000E+00 3.12500001E-03
 13.30000000 8.99999992E-03 0.00000000E+00 0.00000000E+00 3.87500002E-03
 13.40000000 1.03749998E-02 0.00000000E+00 0.00000000E+00 3.37499998E-03
 13.50000000 1.22499999E-02 0.00000000E+00 0.00000000E+00 3.37500003E-03
 13.60000000 1.01250003E-02 0.00000000E+00 0.00000000E+00 4.50000001E-03
 13.70000000 1.08750004E-02 0.00000000E+00 0.00000000E+00 5.25000003E-03
 13.80000000 1.33749999E-02 0.00000000E+00 0.00000000E+00 4.75000003E-03
 13.90000000 2.70000000E-02 0.00000000E+00 0.00000000E+00 8.00000001E-03
 14.00000000 1.17250003E-01 0.00000000E+00 0.00000000E+00 8.87500008E-03
 14.10000000 2.81374999E-01 0.00000000E+00 0.00000000E+00 1.36250001E-02
 14.20000000 2.66875000E-01 0.00000000E+00 0.00000000E+00 2.79999999E-02
 14.30000000 1.67499998E-01 0.00000000E+00 0.00000000E+00 4.42499999E-02
 14.40000000 1.07249997E-01 0.00000000E+00 0.00000000E+00 5.98749997E-02
 14.50000000 8.22499999E-02 0.00000000E+00 0.00000000E+00 8.42500000E-02
 14.60000000 7.98749999E-02 0.00000000E+00 0.00000000E+00 1.38375000E-01
 14.70000000 1.11624999E-01 0.00000000E+00 0.00000000E+00 2.15000002E-01
 14.80000000 1.81999999E-01 0.00000000E+00 0.00000000E+00 2.71750000E-01
 14.90000000 2.24875000E-01 0.00000000E+00 0.00000000E+00 2.64750000E-01
 15.00000000 2.15375000E-01 0.00000000E+00 0.00000000E+00 2.35124996E-01
 15.10000000 1.51625000E-01 0.00000000E+00 0.00000000E+00 1.73125000E-01
 15.20000000 1.08624999E-01 0.00000000E+00 0.00000000E+00 1.10750000E-01
 15.30000000 7.81249998E-02 0.00000000E+00 0.00000000E+00 7.96249998E-02
 15.40000000 5.43750000E-02 0.00000000E+00 0.00000000E+00 5.21249999E-02
 15.50000000 3.93750000E-02 0.00000000E+00 0.00000000E+00 4.23750000E-02
 15.60000000 3.56250002E-02 0.00000000E+00 0.00000000E+00 2.89999998E-02
 15.70000000 2.97499999E-02 0.00000000E+00 0.00000000E+00 2.06250003E-02
 15.80000000 2.78750002E-02 0.00000000E+00 0.00000000E+00 2.08749999E-02
 15.90000000 2.43749998E-02 0.00000000E+00 0.00000000E+00 1.97500000E-02
 16.00000000 2.95000003E-02 0.00000000E+00 0.00000000E+00 1.61249998E-02
 16.10000000 2.81249999E-02 0.00000000E+00 0.00000000E+00 1.51249999E-02
 16.20000000 4.99999996E-02 0.00000000E+00 0.00000000E+00 1.62500001E-02
 16.30000000 8.49999999E-02 0.00000000E+00 0.00000000E+00 1.73749999E-02
 16.40000000 1.58875000E-01 0.00000000E+00 0.00000000E+00 1.92499997E-02
 16.50000000 2.53874997E-01 0.00000000E+00 0.00000000E+00 3.22500002E-02
 16.60000000 2.76125002E-01 0.00000000E+00 0.00000000E+00 6.05000001E-02
 16.70000000 2.40249999E-01 0.00000000E+00 0.00000000E+00 1.13750000E-01
 16.80000000 1.95000002E-01 0.00000000E+00 0.00000000E+00 1.73750000E-01
 16.90000000 1.48000000E-01 0.00000000E+00 0.00000000E+00 2.44000004E-01
 17.00000000 1.10500000E-01 0.00000000E+00 0.00000000E+00 2.94624998E-01
 17.10000000 1.00750001E-01 0.00000000E+00 0.00000000E+00 2.59125000E-01
 17.20000000 9.61250005E-02 0.00000000E+00 0.00000000E+00 2.03000001E-01
 17.30000000 1.03374999E-01 0.00000000E+00 0.00000000E+00 1.47874999E-01
 17.40000000 1.28125001E-01 0.00000000E+00 0.00000000E+00 1.06625002E-01
 17.50000000 1.28000001E-01 0.00000000E+00 0.00000000E+00 8.32500001E-02
 17.60000000 9.52500000E-02 0.00000000E+00 0.00000000E+00 5.70000001E-02
 17.70000000 6.84999999E-02 0.00000000E+00 0.00000000E+00 4.61250003E-02
 17.80000000 5.01250001E-02 0.00000000E+00 0.00000000E+00 4.17499998E-02
 17.90000000 3.08750000E-02 0.00000000E+00 0.00000000E+00 2.87499999E-02
 18.00000000 2.89999999E-02 0.00000000E+00 0.00000000E+00 2.41249998E-02
 18.10000000 2.13750003E-02 0.00000000E+00 0.00000000E+00 1.98750001E-02
 18.20000000 1.97500003E-02 0.00000000E+00 0.00000000E+00 1.69999998E-02
 18.30000000 1.65000002E-02 0.00000000E+00 0.00000000E+00 1.60000001E-02
 18.40000000 1.47500003E-02 0.00000000E+00 0.00000000E+00 1.48750000E-02
 18.50000000 1.26250001E-02 0.00000000E+00 0.00000000E+00 1.47499998E-02
 18.60000000 1.51250003E-02 0.00000000E+00 0.00000000E+00 1.58750000E-02
 18.70000000 1.01250000E-02 0.00000000E+00 0.00000000E+00 1.30000000E-02
 18.80000000 1.36250000E-02 0.00000000E+00 0.00000000E+00 1.33750002E-02
 18.90000000 9.99999989E-03 0.00000000E+00 0.00000000E+00 1.28750001E-02
 19.00000000 9.75000001E-03 0.00000000E+00 0.00000000E+00 1.13750001E-02
 19.10000000 9.49999998E-03 0.00000000E+00 0.00000000E+00 1.11249998E-02
 19.20000000 8.87499998E-03 0.00000000E+00 0.00000000E+00 1.16250003E-02
 19.30000000 1.26249998E-02 0.00000000E+00 0.00000000E+00 1.27500000E-02
 19.40000000 9.99999999E-03 0.00000000E+00 0.00000000E+00 1.17500001E-02
 19.50000000 1.12499999E-02 0.00000000E+00 0.00000000E+00 1.24999999E-02
 19.60000000 1.02500003E-02 0.00000000E+00 0.00000000E+00 1.57500001E-02
 19.70000000 1.06249998E-02 0.00000000E+00 0.00000000E+00 1.46249996E-02
 19.80000000 1.00000003E-02 0.00000000E+00 0.00000000E+00 1.72500000E-02
 19.90000000 2.31249998E-02 0.00000000E+00 0.00000000E+00 2.66250000E-02
 20.00000000 1.49999997E-03 0.00000000E+00 0.00000000E+00 2.62499998E-03
 20.10000000 9.37499997E-03 0.00000000E+00 0.00000000E+00 1.02500001E-02
 20.20000000 1.34999997E-02 0.00000000E+00 0.00000000E+00 1.13750001E-02
 20.30000000 1.30000000E-02 0.00000000E+00 0.00000000E+00 1.42500002E-02
 20.40000000 1.07500002E-02 0.00000000E+00 0.00000000E+00 1.33750000E-02
 20.50000000 1.18750000E-02 0.00000000E+00 0.00000000E+00 1.56250000E-02
 20.60000000 1.17500003E-02 0.00000000E+00 0.00000000E+00 1.54999996E-02
 20.70000000 1.38750002E-02 0.00000000E+00 0.00000000E+00 1.90000002E-02
 20.80000000 1.27500000E-02 0.00000000E+00 0.00000000E+00 1.82500003E-02
 20.90000000 1.34999996E-02 0.00000000E+00 0.00000000E+00 1.65000001E-02
 21.00000000 1.37499999E-02 0.00000000E+00 0.00000000E+00 2.08749999E-02
 21.10000000 1.46250002E-02 0.00000000E+00 0.00000000E+00 2.01250002E-02
 21.20000000 1.41250001E-02 0.00000000E+00 0.00000000E+00 2.85000001E-02
 21.30000000 1.67500001E-02 0.00000000E+00 0.00000000E+00 3.40000001E-02
 21.40000000 2.17499999E-02 0.00000000E+00 0.00000000E+00 5.44999997E-02
 21.50000000 2.42500000E-02 0.00000000E+00 0.00000000E+00 9.86250001E-02
 21.60000000 2.90000000E-02 0.00000000E+00 0.00000000E+00 1.64375002E-01
 21.70000000 3.97500000E-02 0.00000000E+00 0.00000000E+00 1.68750000E-01
 21.80000000 5.98750000E-02 0.00000000E+00 0.00000000E+00 1.67374997E-01
 21.90000000 9.42500000E-02 0.00000000E+00 0.00000000E+00 1.43375000E-01
 22.00000000 1.21624999E-01 0.00000000E+00 0.00000000E+00 1.46249997E-01
 22.10000000 1.74124999E-01 0.00000000E+00 0.00000000E+00 1.53500000E-01
 22.20000000 2.35749995E-01 0.00000000E+00 0.00000000E+00 1.69375002E-01
 22.30000000 2.72875000E-01 0.00000000E+00 0.00000000E+00 1.88249998E-01
 22.40000000 2.92750002E-01 0.00000000E+00 0.00000000E+00 2.03374999E-01
 22.50000000 2.80000000E-01 0.00000000E+00 0.00000000E+00 2.37625001E-01
 22.60000000 2.66875000E-01 0.00000000E+00 0.00000000E+00 2.72249999E-01
 22.70000000 2.69625002E-01 0.00000000E+00 0.00000000E+00 2.59875002E-01
 22.80000000 2.60125002E-01 0.00000000E+00 0.00000000E+00 2.76250002E-01
 22.90000000 2.42250001E-01 0.00000000E+00 0.00000000E+00 2.35374997E-01
 23.00000000 2.09374997E-01 0.00000000E+00 0.00000000E+00 2.08499998E-01
 23.10000000 1.65999999E-01 0.00000000E+00 0.00000000E+00 1.74375000E-01
 23.20000000 1.32499999E-01 0.00000000E+00 0.00000000E+00 1.40624998E-01
 23.30000000 1.07749999E-01 0.00000000E+00 0.00000000E+00 1.13500001E-01
 23.40000000 8.79999996E-02 0.00000000E+00 0.00000000E+00 9.43749990E-02
 23.50000000 7.37500000E-02 0.00000000E+00 0.00000000E+00 7.42500001E-02
 23.60000000 5.55000003E-02 0.00000000E+00 0.00000000E+00 6.21250002E-02
 23.70000000 4.96250002E-02 0.00000000E+00 0.00000000E+00 5.50000000E-02
 23.80000000 3.96250000E-02 0.00000000E+00 0.00000000E+00 4.72500000E-02
 23.90000000 3.97500001E-02 0.00000000E+00 0.00000000E+00 4.38749997E-02
 24.00000000 3.62500003E-02 0.00000000E+00 0.00000000E+00 3.77499999E-02
 24.10000000 3.07500002E-02 0.00000000E+00 0.00000000E+00 3.30000001E-02
 24.20000000 3.68749999E-02 0.00000000E+00 0.00000000E+00 3.62500001E-02
 24.30000000 3.71250002E-02 0.00000000E+00 0.00000000E+00 4.06250001E-02
 24.40000000 3.30000001E-02 0.00000000E+00 0.00000000E+00 4.35000001E-02
 24.50000000 3.28750000E-02 0.00000000E+00 0.00000000E+00 4.51250001E-02
 24.60000000 3.57500002E-02 0.00000000E+00 0.00000000E+00 6.02499999E-02
 24.70000000 4.03749999E-02 0.00000000E+00 0.00000000E+00 8.46250003E-02
 24.80000000 5.52500003E-02 0.00000000E+00 0.00000000E+00 1.03125001E-01
 24.90000000 0.00000000E+00 0.00000000E+00 0.00000000E+00 0.00000000E+00
